transaction_id=155
event=LIDAR_SCAN_END
event_stamp_ns=1517157234720485283
failure=producer_optimizer:marginalized_prior_not_finite_psd
marginalization_failure_capsule_valid=1
marginalization_enforcement_index=208
attempt_index_within_enforcement=1
successful_oldest_removals_before_failure_in_same_enforcement=0
first_bad_stage=M7_SYMMETRIZED_SCHUR
marginalization_result=FAIL:marginalized_prior_not_finite_psd
state_stamps_before_enforcement=1517157232703407360;1517157232703428030;1517157232804267479;1517157232804287910;1517157232905127360;1517157232905148029;1517157233005926443;1517157233005947113;1517157233106786324;1517157233106806993;1517157233207646443;1517157233207668066;1517157233308506323;1517157233308527946;1517157233409366442;1517157233409388065;1517157233510227276;1517157233510247946;1517157233611087395;1517157233611108065;1517157233711947275;1517157233711967945;1517157233812807394;1517157233812828064;1517157233913667275;1517157233913687944;1517157234014465405;1517157234014486074;1517157234115325285;1517157234115345955;1517157234216185404;1517157234216206074;1517157234317045284;1517157234317065954;1517157234417905403;1517157234417926073;1517157234518765284;1517157234518785954;1517157234619625403;1517157234619646072;1517157234720485283
state_stamps_at_failing_attempt=1517157232703407360;1517157232703428030;1517157232804267479;1517157232804287910;1517157232905127360;1517157232905148029;1517157233005926443;1517157233005947113;1517157233106786324;1517157233106806993;1517157233207646443;1517157233207668066;1517157233308506323;1517157233308527946;1517157233409366442;1517157233409388065;1517157233510227276;1517157233510247946;1517157233611087395;1517157233611108065;1517157233711947275;1517157233711967945;1517157233812807394;1517157233812828064;1517157233913667275;1517157233913687944;1517157234014465405;1517157234014486074;1517157234115325285;1517157234115345955;1517157234216185404;1517157234216206074;1517157234317045284;1517157234317065954;1517157234417905403;1517157234417926073;1517157234518765284;1517157234518785954;1517157234619625403;1517157234619646072;1517157234720485283
state_stamps_after_failure=1517157232703407360;1517157232703428030;1517157232804267479;1517157232804287910;1517157232905127360;1517157232905148029;1517157233005926443;1517157233005947113;1517157233106786324;1517157233106806993;1517157233207646443;1517157233207668066;1517157233308506323;1517157233308527946;1517157233409366442;1517157233409388065;1517157233510227276;1517157233510247946;1517157233611087395;1517157233611108065;1517157233711947275;1517157233711967945;1517157233812807394;1517157233812828064;1517157233913667275;1517157233913687944;1517157234014465405;1517157234014486074;1517157234115325285;1517157234115345955;1517157234216185404;1517157234216206074;1517157234317045284;1517157234317065954;1517157234417905403;1517157234417926073;1517157234518765284;1517157234518785954;1517157234619625403;1517157234619646072;1517157234720485283
prior_hash_before_enforcement_fnv1a64=5618441765608049047
prior_hash_after_failure_fnv1a64=5618441765608049047
factor_counts_before_enforcement=40;1;0
factor_counts_after_failure=40;1;0
partial_marginalization_commit_on_enforcement_failure=NO
matrix_capsule_binary_path=/tmp/p6_a3d_r1_corridor_p3_200/trajectory.csv.a3c_r1_failure_capsule.bin
matrix_capsule_binary_written=1
hessian_dimension=615
marginalized_dimension=15
retained_dimension=600
solve_jitter=0
hmm_lambda_min=7559341.759640296
hmm_lambda_max=2.3587321004567322e+18
production_correction_h_shape=15x600
hessian_dtype=float64_row_major
matrix_capsule_format=P6A3CR1CAPSULE_v1
