1517157219.088119029999
1517157219.188978910446
1517157219.289839029312
1517157219.390698909760
1517157219.491559028625
1517157219.592418909073
1517157219.693279981613
1517157219.794140100479
1517157219.894999980927
1517157219.995860099792
1517157220.096658945084
1517157220.197519063950
1517157220.298378944397
1517157220.399239063263
1517157220.500098943710
1517157220.600959062576
1517157220.701818943024
1517157220.802679061890
1517157220.903538942337
1517157221.004338979721
1517157221.105199098587
1517157221.206058979034
1517157221.306919097900
1517157221.407778978348
1517157221.508639097214
1517157221.609498977661
1517157221.710359096527
1517157221.811218976974
1517157221.912080049515
1517157222.012886047363
1517157222.113745927811
1517157222.214606046677
1517157222.315465927124
1517157222.416326045990
1517157222.517185926437
1517157222.618046045303
1517157222.718905925751
1517157222.819766044617
1517157222.920625925064
1517157223.021415948868
1517157223.122276067734
1517157223.223135948181
1517157223.323996067047
1517157223.424855947495
1517157223.525716066360
1517157223.626575946808
1517157223.727436065674
1517157223.828295946121
1517157223.929156064987
1517157224.029957056046
1517157224.130816936493
1517157224.231677055359
1517157224.332536935806
1517157224.433397054672
1517157224.534256935120
1517157224.635117053986
1517157224.735976934433
1517157224.836837053299
1517157224.937696933746
1517157225.038494110107
1517157225.139353990555
1517157225.240214109421
1517157225.341073989868
1517157225.441934108734
1517157225.542793989182
1517157225.643654108047
1517157225.744513988495
1517157225.845374107361
1517157225.946233987808
1517157226.047034025192
1517157226.147893905640
1517157226.248754024506
1517157226.349615097046
1517157226.450474977493
1517157226.551335096359
1517157226.652194976807
1517157226.753055095673
1517157226.853914976120
1517157226.954775094986
1517157227.055572986603
1517157227.156433105469
1517157227.257292985916
1517157227.358153104782
1517157227.459012985229
1517157227.559873104095
1517157227.660732984543
1517157227.761593103409
1517157227.862452983856
1517157227.963313102722
1517157228.064111948013
1517157228.164972066879
1517157228.265831947327
1517157228.366692066193
1517157228.467551946640
1517157228.568413019180
1517157228.669272899628
1517157228.770133018494
1517157228.870992898941
1517157228.971853017807
1517157229.072650909424
1517157229.173511028290
1517157229.274370908737
1517157229.375231027603
1517157229.476090908051
1517157229.576951026917
1517157229.677810907364
1517157229.778671026230
1517157229.879530906677
1517157229.980391025543
1517157230.081188917160
1517157230.182049036026
1517157230.282908916473
1517157230.383769035339
1517157230.484628915787
1517157230.585489034653
1517157230.686348915100
1517157230.787209033966
1517157230.888070106506
1517157230.988929986954
1517157231.089729070663
1517157231.190588951111
1517157231.291449069977
1517157231.392308950424
1517157231.493169069290
1517157231.594028949738
1517157231.694889068604
1517157231.795748949051
1517157231.896609067917
1517157231.997468948364
1517157232.098268032074
1517157232.199127912521
1517157232.299988031387
1517157232.400847911835
1517157232.501708030701
1517157232.602567911148
1517157232.703428030014
1517157232.804287910461
1517157232.905148029327
1517157233.005947113037
1517157233.106806993484
1517157233.207668066025
1517157233.308527946472
1517157233.409388065338
1517157233.510247945786
1517157233.611108064651
1517157233.711967945099
1517157233.812828063965
1517157233.913687944412
1517157234.014486074448
1517157234.115345954895
1517157234.216206073761
1517157234.317065954208
1517157234.417926073074
1517157234.518785953522
1517157234.619646072388
1517157234.720505952835
1517157234.821366071701
1517157234.922225952148
1517157235.023024082184
1517157235.123883962631
1517157235.224744081497
1517157235.325603961945
1517157235.426464080811
1517157235.527324914932
1517157235.628185033798
1517157235.729044914246
1517157235.829905033112
1517157235.930764913559
1517157236.031563997269
1517157236.132424116135
1517157236.233283996582
1517157236.334144115448
1517157236.435003995895
1517157236.535864114761
1517157236.636723995209
1517157236.737584114075
1517157236.838443994522
1517157236.939304113388
1517157237.040102958679
1517157237.140963077545
1517157237.241822957993
1517157237.342683076859
1517157237.443542957306
1517157237.544403076172
1517157237.645262956619
1517157237.746123075485
1517157237.846983909607
1517157237.947844028473
1517157238.048643112183
1517157238.149502992630
1517157238.250363111496
1517157238.351222991943
1517157238.452083110809
1517157238.552942991257
1517157238.653803110123
1517157238.754662990570
1517157238.855523109436
1517157238.956382989883
1517157239.057182073593
1517157239.158041954041
1517157239.258902072906
1517157239.359761953354
1517157239.460622072220
1517157239.561481952667
1517157239.662342071533
1517157239.763201951981
1517157239.864062070847
1517157239.964922904968
1517157240.065720081329
1517157240.166579961777
1517157240.267440080643
1517157240.368299961090
1517157240.469160079956
1517157240.570019960403
1517157240.670880079269
1517157240.771739959717
1517157240.872600078583
1517157240.973459959030
1517157241.074259042740
1517157241.175118923187
1517157241.275979042053
1517157241.376838922501
1517157241.477699041367
1517157241.578558921814
1517157241.679419040680
1517157241.780278921127
1517157241.881139039993
1517157241.981998920441
1517157242.082817077637
1517157242.183676958084
1517157242.284537076950
1517157242.385396957397
1517157242.486257076263
1517157242.587116956711
1517157242.687977075577
1517157242.788836956024
1517157242.889697074890
1517157242.990556955338
1517157243.091345071793
1517157243.192204952240
1517157243.293065071106
1517157243.393924951553
1517157243.494785070419
1517157243.595644950867
1517157243.696505069733
1517157243.797364950180
1517157243.898225069046
1517157243.999084949493
1517157244.099875926971
1517157244.200736045837
1517157244.301595926285
1517157244.402456045151
1517157244.503315925598
1517157244.604176044464
1517157244.705035924911
1517157244.805896043777
1517157244.906755924225
1517157245.007555961609
1517157245.108416080475
1517157245.209275960922
1517157245.310136079788
1517157245.410995960236
1517157245.511856079102
1517157245.612715959549
1517157245.713576078415
1517157245.814435958862
1517157245.915296077728
1517157246.016093969345
1517157246.116955041885
1517157246.217814922333
1517157246.318675041199
1517157246.419534921646
1517157246.520395040512
1517157246.621254920959
1517157246.722115039825
1517157246.822974920273
1517157246.923835039139
1517157247.024633884430
1517157247.125494003296
1517157247.226353883743
1517157247.327214002609
1517157247.428073883057
1517157247.528934001923
1517157247.629793882370
1517157247.730654001236
1517157247.831513881683
1517157247.932374000549
1517157248.033171892166
1517157248.134032964706
1517157248.234893083572
1517157248.335752964020
1517157248.436613082886
1517157248.537472963333
1517157248.638333082199
1517157248.739192962646
1517157248.840053081512
1517157248.940912961960
1517157249.041711091995
1517157249.142570972443
1517157249.243431091309
1517157249.344290971756
1517157249.445151090622
1517157249.546010971069
1517157249.646871089935
1517157249.747730970383
1517157249.848591089249
1517157249.949450969696
1517157250.050256013870
1517157250.151117086411
1517157250.251976966858
1517157250.352837085724
1517157250.453696966171
1517157250.554557085037
1517157250.655416965485
1517157250.756277084351
1517157250.857136964798
1517157250.957997083664
1517157251.058789014816
1517157251.159648895264
1517157251.260509014130
1517157251.361368894577
1517157251.462229013443
1517157251.563088893890
1517157251.663949012756
1517157251.764808893204
1517157251.865669012070
1517157251.966528892517
1517157252.067328929901
1517157252.168189048767
1517157252.269048929214
1517157252.369909048080
1517157252.470768928528
1517157252.571629047394
1517157252.672488927841
1517157252.773349046707
1517157252.874208927155
1517157252.975069046021
1517157253.075867891312
1517157253.176728010178
1517157253.277587890625
1517157253.378448009491
1517157253.479307889938
1517157253.580168008804
1517157253.681027889252
1517157253.781888008118
1517157253.882747888565
1517157253.983608007431
1517157254.084407091141
1517157254.185266971588
1517157254.286127090454
1517157254.386986970901
1517157254.487847089767
1517157254.588706970215
1517157254.689567089081
1517157254.790426969528
1517157254.891287088394
1517157254.992146968842
1517157255.092945098877
1517157255.193804979324
1517157255.294665098190
1517157255.395524978638
1517157255.496385097504
1517157255.597244977951
1517157255.698105096817
1517157255.798964977264
1517157255.899825096130
1517157256.000623941422
1517157256.101485013962
1517157256.202344894409
1517157256.303205013275
1517157256.404064893723
1517157256.504925012589
1517157256.605784893036
1517157256.706645011902
1517157256.807504892349
1517157256.908365011215
1517157257.009164094925
1517157257.110023975372
1517157257.210884094238
1517157257.311743974686
1517157257.412604093552
1517157257.513463973999
1517157257.614324092865
1517157257.715183973312
1517157257.816044092178
1517157257.916903972626
1517157258.017703056335
1517157258.118562936783
1517157258.219423055649
1517157258.320282936096
1517157258.421143054962
1517157258.522002935410
1517157258.622863054276
1517157258.723722934723
1517157258.824583053589
1517157258.925442934036
1517157259.026242017746
1517157259.127101898193
1517157259.227962017059
1517157259.328821897507
1517157259.429682016373
1517157259.530541896820
1517157259.631402015686
1517157259.732261896133
1517157259.833122014999
1517157259.933981895447
1517157260.034780979156
1517157260.135641098022
1517157260.236500978470
1517157260.337361097336
1517157260.438220977783
1517157260.539081096649
1517157260.639940977097
1517157260.740801095963
1517157260.841660976410
1517157260.942521095276
1517157261.043318986893
1517157261.144179105759
1517157261.245038986206
1517157261.345899105072
1517157261.446758985519
1517157261.547619104385
1517157261.648478984833
1517157261.749339103699
1517157261.850198984146
1517157261.951059103012
1517157262.051857948303
1517157262.152718067169
1517157262.253577947617
1517157262.354438066483
1517157262.455297946930
1517157262.556158065796
1517157262.657017946243
1517157262.757878065109
1517157262.858737945557
1517157262.959598064423
1517157263.060398101807
1517157263.161257982254
1517157263.262118101120
1517157263.362977981567
1517157263.463838100433
1517157263.564697980881
1517157263.665558099747
1517157263.766417980194
1517157263.867278099060
1517157263.968137979507
1517157264.068945884705
1517157264.169806003571
1517157264.270665884018
1517157264.371526002884
1517157264.472385883331
1517157264.573246002197
1517157264.674105882645
1517157264.774966001511
1517157264.875825881958
1517157264.976686000824
1517157265.077475070953
1517157265.178334951401
1517157265.279195070267
1517157265.380054950714
1517157265.480915069580
1517157265.581774950027
1517157265.682635068893
1517157265.783494949341
1517157265.884355068207
1517157265.985215902328
1517157266.086014032364
1517157266.186873912811
1517157266.287734031677
1517157266.388593912125
1517157266.489454030991
1517157266.590313911438
1517157266.691174030304
1517157266.792033910751
1517157266.892894029617
1517157266.993753910065
1517157267.094553947449
1517157267.195414066315
1517157267.296273946762
1517157267.397134065628
1517157267.497993946075
1517157267.598854064941
1517157267.699713945389
1517157267.800574064255
1517157267.901433944702
1517157268.002232074738
1517157268.103091955185
1517157268.203952074051
1517157268.304811954498
1517157268.405672073364
1517157268.506531953812
1517157268.607392072678
1517157268.708251953125
1517157268.809112071991
1517157268.909971952438
1517157269.010771989822
1517157269.111632108688
1517157269.212491989136
1517157269.313352108002
1517157269.414211988449
1517157269.515072107315
1517157269.615931987762
1517157269.716792106628
1517157269.817651987076
1517157269.918512105942
1517157270.019310951233
1517157270.120171070099
1517157270.221030950546
1517157270.321891069412
1517157270.422750949860
1517157270.523611068726
1517157270.624470949173
1517157270.725331068039
1517157270.826190948486
1517157270.927051067352
1517157271.027849912643
1517157271.128710031509
1517157271.229569911957
1517157271.330430030823
1517157271.431289911270
1517157271.532150030136
1517157271.633009910583
1517157271.733870029449
1517157271.834729909897
1517157271.935590028763
1517157272.036389112473
1517157272.137248992920
1517157272.238109111786
1517157272.338968992233
1517157272.439829111099
1517157272.540688991547
1517157272.641549110413
1517157272.742408990860
1517157272.843269109726
1517157272.944128990173
1517157273.044926881790
1517157273.145787000656
1517157273.246646881104
1517157273.347506999969
1517157273.448367118835
1517157273.549226999283
1517157273.650087118149
1517157273.750946998596
1517157273.851807117462
1517157273.952666997910
1517157274.053464889526
1517157274.154325962067
1517157274.255186080933
1517157274.356045961380
1517157274.456906080246
1517157274.557765960693
1517157274.658626079559
1517157274.759485960007
1517157274.860346078873
1517157274.961205959320
1517157275.062005996704
1517157275.162866115570
1517157275.263725996017
1517157275.364586114883
1517157275.465445995331
1517157275.566306114197
1517157275.667165994644
1517157275.768026113510
1517157275.868885993958
1517157275.969746112823
1517157276.070543050766
1517157276.171402931213
1517157276.272263050079
1517157276.373122930527
1517157276.473984003067
1517157276.574843883514
1517157276.675704002380
1517157276.776563882828
1517157276.877424001694
1517157276.978283882141
1517157277.079083919525
1517157277.179944038391
1517157277.280803918839
1517157277.381664037704
1517157277.482523918152
1517157277.583384037018
1517157277.684243917465
1517157277.785104036331
1517157277.885963916779
1517157277.986824035645
1517157278.087622880936
1517157278.188482999802
1517157278.289343118668
1517157278.390202999115
1517157278.491063117981
1517157278.591922998428
1517157278.692784070969
1517157278.793643951416
1517157278.894504070282
1517157278.995363950729
1517157279.096160888672
1517157279.197021007538
1517157279.297880887985
1517157279.398741006851
1517157279.499600887299
1517157279.600461006165
1517157279.701320886612
1517157279.802181005478
1517157279.903040885925
1517157280.003839969635
1517157280.104700088501
1517157280.205559968948
1517157280.306420087814
1517157280.407279968262
1517157280.508140087128
1517157280.608999967575
1517157280.709861040115
1517157280.810720920563
1517157280.911581039429
1517157281.012378931046
1517157281.113239049911
1517157281.214098930359
1517157281.314959049225
1517157281.415818929672
1517157281.516679048538
1517157281.617538928986
1517157281.718399047852
1517157281.819258928299
1517157281.920119047165
1517157282.020917892456
1517157282.121778011322
1517157282.222637891769
1517157282.323498010635
1517157282.424357891083
1517157282.525218009949
1517157282.626077890396
1517157282.726938009262
1517157282.827799081802
1517157282.928658962250
1517157283.029457092285
1517157283.130316972733
1517157283.231177091599
1517157283.332036972046
1517157283.432897090912
1517157283.533756971359
1517157283.634617090225
1517157283.735476970673
1517157283.836337089539
1517157283.937196969986
1517157284.037995100021
1517157284.138854980469
1517157284.239715099335
1517157284.340574979782
1517157284.441435098648
1517157284.542294979095
1517157284.643155097961
1517157284.744014978409
1517157284.844875097275
1517157284.945734977722
1517157285.046542882919
1517157285.147403001785
1517157285.248262882233
1517157285.349123001099
1517157285.449982881546
1517157285.550843000412
1517157285.651702880859
1517157285.752562999725
1517157285.853423118591
1517157285.954282999039
1517157286.055073022842
1517157286.155932903290
1517157286.256793022156
1517157286.357652902603
1517157286.458513021469
1517157286.559372901917
1517157286.660233020782
1517157286.761092901230
1517157286.861953020096
1517157286.962812900543
1517157287.063611984253
1517157287.164473056793
1517157287.265332937241
1517157287.366193056107
1517157287.467052936554
1517157287.567913055420
1517157287.668772935867
1517157287.769633054733
1517157287.870492935181
1517157287.971353054047
1517157288.072151899338
1517157288.173012018204
1517157288.273871898651
1517157288.374732017517
1517157288.475591897964
1517157288.576452016830
1517157288.677311897278
1517157288.778172016144
1517157288.879031896591
1517157288.979892015457
1517157289.080689907074
1517157289.181550025940
1517157289.282409906387
1517157289.383270025253
1517157289.484131097794
1517157289.584990978241
1517157289.685851097107
1517157289.786710977554
1517157289.887571096420
1517157289.988430976868
1517157290.089230060577
1517157290.190089941025
1517157290.290950059891
1517157290.391809940338
1517157290.492670059204
1517157290.593529939651
1517157290.694390058517
1517157290.795249938965
1517157290.896110057831
1517157290.996969938278
1517157291.097768068314
1517157291.198627948761
1517157291.299488067627
1517157291.400347948074
1517157291.501208066940
1517157291.602068901062
1517157291.702929019928
1517157291.803788900375
1517157291.904649019241
1517157292.005448102951
1517157292.106307983398
1517157292.207168102264
1517157292.308027982712
1517157292.408888101578
1517157292.509747982025
1517157292.610608100891
1517157292.711467981339
1517157292.812328100204
1517157292.913187980652
1517157293.013987064362
1517157293.114846944809
1517157293.215707063675
1517157293.316566944122
1517157293.417427062988
1517157293.518286943436
1517157293.619147062302
1517157293.720006942749
1517157293.820867061615
1517157293.921727895737
1517157294.022526025772
1517157294.123385906219
1517157294.224246025085
1517157294.325105905533
1517157294.425966024399
1517157294.526825904846
1517157294.627686023712
1517157294.728545904160
1517157294.829406023026
1517157294.930265903473
1517157295.031064987183
1517157295.131925106049
1517157295.232784986496
1517157295.333645105362
1517157295.434504985809
1517157295.535365104675
1517157295.636224985123
1517157295.737085103989
1517157295.837944984436
1517157295.938805103302
1517157296.039604902267
1517157296.140465021133
1517157296.241324901581
1517157296.342185020447
1517157296.443044900894
1517157296.543905019760
1517157296.644764900208
1517157296.745625019073
1517157296.846484899521
1517157296.947345018387
1517157297.048142910004
1517157297.149003028870
1517157297.249862909317
1517157297.350723028183
1517157297.451582908630
1517157297.552443027496
1517157297.653302907944
1517157297.754163026810
1517157297.855022907257
1517157297.955883026123
1517157298.056680917740
1517157298.157541990280
1517157298.258402109146
1517157298.359261989594
1517157298.460122108459
1517157298.560981988907
1517157298.661842107773
1517157298.762701988220
1517157298.863562107086
1517157298.964421987534
1517157299.065220117569
1517157299.166079998016
1517157299.266940116882
1517157299.367799997330
1517157299.468660116196
1517157299.569519996643
1517157299.670380115509
1517157299.771239995956
1517157299.872100114822
1517157299.972959995270
1517157300.073760032654
1517157300.174619913101
1517157300.275480985641
1517157300.376341104507
1517157300.477200984955
1517157300.578061103821
1517157300.678920984268
1517157300.779781103134
1517157300.880640983582
1517157300.981501102448
1517157301.082298040390
1517157301.183157920837
1517157301.284018039703
1517157301.384877920151
1517157301.485738039017
1517157301.586597919464
1517157301.687458038330
1517157301.788317918777
1517157301.889178037643
1517157301.990037918091
1517157302.090837955475
1517157302.191698074341
1517157302.292557954788
1517157302.393418073654
1517157302.494278907776
1517157302.595139026642
1517157302.695998907089
1517157302.796859025955
1517157302.897718906403
1517157302.998579025269
1517157303.099376916885
1517157303.200237035751
1517157303.301096916199
1517157303.401957035065
1517157303.502816915512
1517157303.603677034378
1517157303.704536914825
1517157303.805397033691
1517157303.906256914139
1517157304.007055044174
1517157304.107914924622
1517157304.208775043488
1517157304.309634923935
1517157304.410495042801
1517157304.511354923248
1517157304.612215995789
1517157304.713076114655
1517157304.813935995102
1517157304.914796113968
1517157305.015595912933
1517157305.116456031799
1517157305.217315912247
1517157305.318176031113
1517157305.419035911560
1517157305.519896030426
1517157305.620755910873
1517157305.721616029739
1517157305.822475910187
1517157305.923336029053
1517157306.024142026901
1517157306.125001907349
1517157306.225862026215
1517157306.326721906662
1517157306.427582025528
1517157306.528441905975
1517157306.629302024841
1517157306.730161905289
1517157306.831022977829
1517157306.931883096695
1517157307.032672882080
1517157307.133533000946
1517157307.234392881393
1517157307.335253000259
1517157307.436113119125
1517157307.536972999573
1517157307.637833118439
1517157307.738692998886
1517157307.839553117752
1517157307.940412998199
1517157308.041210889816
1517157308.142071008682
1517157308.242930889130
1517157308.343791007996
1517157308.444650888443
1517157308.545511007309
1517157308.646370887756
1517157308.747231006622
1517157308.848090887070
1517157308.948951959610
1517157309.049751043320
1517157309.150610923767
1517157309.251471042633
1517157309.352330923080
1517157309.453191041946
1517157309.554050922394
1517157309.654911041260
1517157309.755770921707
1517157309.856631040573
1517157309.957490921021
1517157310.058289051056
1517157310.159148931503
1517157310.260009050369
1517157310.360868930817
1517157310.461729049683
1517157310.562588930130
1517157310.663449048996
1517157310.764308929443
1517157310.865169048309
1517157310.966028928757
1517157311.066828012466
1517157311.167689085007
1517157311.268548965454
1517157311.369409084320
1517157311.470268964767
1517157311.571129083633
1517157311.671988964081
1517157311.772849082947
1517157311.873708963394
1517157311.974569082260
1517157312.075368881226
1517157312.176229000092
1517157312.277089118958
1517157312.377948999405
1517157312.478809118271
1517157312.579668998718
1517157312.680529117584
1517157312.781388998032
1517157312.882249116898
1517157312.983108997345
1517157313.083905935287
1517157313.184766054153
1517157313.285625934601
1517157313.386487007141
1517157313.487346887589
1517157313.588207006454
1517157313.689066886902
1517157313.789927005768
1517157313.890786886215
1517157313.991647005081
1517157314.092446088791
1517157314.193305969238
1517157314.294166088104
1517157314.395025968552
1517157314.495886087418
1517157314.596745967865
1517157314.697606086731
1517157314.798465967178
1517157314.899326086044
1517157315.000124931335
1517157315.100985050201
1517157315.201844930649
1517157315.302705049515
1517157315.403564929962
1517157315.504426002502
1517157315.605285882950
1517157315.706146001816
1517157315.807005882263
1517157315.907866001129
1517157316.008663892746
1517157316.109524011612
1517157316.210383892059
1517157316.311244010925
1517157316.412103891373
1517157316.512964010239
1517157316.613823890686
1517157316.714684009552
1517157316.815543889999
1517157316.916404008865
1517157317.017204046249
1517157317.118063926697
1517157317.218924045563
1517157317.319783926010
1517157317.420644044876
1517157317.521503925323
1517157317.622364044189
1517157317.723225116730
1517157317.824084997177
1517157317.924945116043
1517157318.025743007660
1517157318.126602888107
1517157318.227463006973
1517157318.328322887421
1517157318.429183006287
1517157318.530042886734
1517157318.630903005600
1517157318.731762886047
1517157318.832623004913
1517157318.933482885361
1517157319.034281015396
1517157319.135140895844
1517157319.236001014709
1517157319.336860895157
1517157319.437721014023
1517157319.538580894470
1517157319.639441013336
1517157319.740300893784
1517157319.841161012650
1517157319.942022085190
1517157320.042820930481
1517157320.143681049347
1517157320.244540929794
1517157320.345401048660
1517157320.446260929108
1517157320.547121047974
1517157320.647980928421
1517157320.748841047287
1517157320.849700927734
1517157320.950561046600
1517157321.051358938217
1517157321.152219057083
1517157321.253078937531
1517157321.353939056396
1517157321.454798936844
1517157321.555659055710
1517157321.656518936157
1517157321.757379055023
1517157321.858238935471
1517157321.959099054337
1517157322.059897899628
1517157322.160758972168
1517157322.261619091034
1517157322.362478971481
1517157322.463339090347
1517157322.564198970795
1517157322.665059089661
1517157322.765918970108
1517157322.866779088974
1517157322.967638969421
1517157323.068437099457
1517157323.169296979904
1517157323.270157098770
1517157323.371016979218
1517157323.471877098083
1517157323.572736978531
1517157323.673597097397
1517157323.774456977844
1517157323.875317096710
1517157323.976176977158
1517157324.076976060867
1517157324.177835941315
1517157324.278697013855
1517157324.379556894302
1517157324.480417013168
1517157324.581276893616
1517157324.682137012482
1517157324.782996892929
1517157324.883857011795
1517157324.984716892242
1517157325.085515975952
1517157325.186376094818
1517157325.287235975266
1517157325.388096094131
1517157325.488955974579
1517157325.589816093445
1517157325.690675973892
1517157325.791536092758
1517157325.892395973206
1517157325.993256092072
1517157326.094054937363
1517157326.194915056229
1517157326.295774936676
1517157326.396635055542
1517157326.497495889664
1517157326.598356008530
1517157326.699215888977
1517157326.800076007843
1517157326.900935888290
1517157327.001741886139
1517157327.102602005005
1517157327.203461885452
1517157327.304322004318
1517157327.405181884766
1517157327.506042003632
1517157327.606901884079
1517157327.707762002945
1517157327.808621883392
1517157327.909482002258
1517157328.010270118713
1517157328.111129999161
1517157328.211990118027
1517157328.312849998474
1517157328.413710117340
1517157328.514569997787
1517157328.615430116653
1517157328.716290950775
1517157328.817151069641
1517157328.918010950089
1517157329.018811941147
1517157329.119672060013
1517157329.220531940460
1517157329.321392059326
1517157329.422251939774
1517157329.523112058640
1517157329.623971939087
1517157329.724832057953
1517157329.825691938400
1517157329.926552057266
1517157330.027352094650
1517157330.128211975098
1517157330.229072093964
1517157330.329931974411
1517157330.430792093277
1517157330.531651973724
1517157330.632512092590
1517157330.733371973038
1517157330.834232091904
1517157330.935092926025
1517157331.035887956619
1517157331.136748075485
1517157331.237607955933
1517157331.338468074799
1517157331.439327955246
1517157331.540188074112
1517157331.641047954559
1517157331.741908073425
1517157331.842767953873
1517157331.943628072739
1517157332.044430017471
1517157332.145289897919
1517157332.246150016785
1517157332.347009897232
1517157332.447870016098
1517157332.548729896545
1517157332.649590015411
1517157332.750449895859
1517157332.851310014725
1517157332.952169895172
1517157333.052968978882
1517157333.153830051422
1517157333.254689931870
1517157333.355550050735
1517157333.456409931183
1517157333.557270050049
1517157333.658129930496
1517157333.758990049362
1517157333.859849929810
1517157333.960710048676
1517157334.061508893967
1517157334.162369012833
1517157334.263228893280
1517157334.364089012146
1517157334.464948892593
1517157334.565809011459
1517157334.666668891907
1517157334.767529010773
1517157334.868388891220
1517157334.969249010086
1517157335.070046901703
1517157335.170907020569
1517157335.271766901016
1517157335.372627973557
1517157335.473488092422
1517157335.574347972870
1517157335.675208091736
1517157335.776067972183
1517157335.876928091049
1517157335.977787971497
1517157336.078586101532
1517157336.179445981979
1517157336.280306100845
1517157336.381165981293
1517157336.482026100159
1517157336.582885980606
1517157336.683746099472
1517157336.784605979919
1517157336.885466098785
1517157336.986325979233
1517157337.087125062943
1517157337.187984943390
1517157337.288845062256
1517157337.389704942703
1517157337.490565061569
1517157337.591425895691
1517157337.692286014557
1517157337.793145895004
1517157337.894006013870
1517157337.994865894318
1517157338.095660924911
1517157338.196521043777
1517157338.297380924225
1517157338.398241043091
1517157338.499100923538
1517157338.599961042404
1517157338.700820922852
1517157338.801681041718
1517157338.902540922165
1517157339.003343105316
1517157339.104202985764
1517157339.205063104630
1517157339.305922985077
1517157339.406783103943
1517157339.507642984390
1517157339.608503103256
1517157339.709362983704
1517157339.810224056244
1517157339.911083936691
1517157340.011883974075
1517157340.112744092941
1517157340.213603973389
1517157340.314464092255
1517157340.415323972702
1517157340.516184091568
1517157340.617043972015
1517157340.717904090881
1517157340.818763971329
1517157340.919624090195
1517157341.020421981812
1517157341.121282100677
1517157341.222141981125
1517157341.323002099991
1517157341.423861980438
1517157341.524722099304
1517157341.625581979752
1517157341.726442098618
1517157341.827301979065
1517157341.928162097931
1517157342.028963088989
1517157342.129822969437
1517157342.230683088303
1517157342.331542968750
1517157342.432403087616
1517157342.533262968063
1517157342.634123086929
1517157342.734982967377
1517157342.835843086243
1517157342.936702966690
1517157343.037499904633
1517157343.138360023499
1517157343.239219903946
1517157343.340080022812
1517157343.440939903259
1517157343.541800022125
1517157343.642659902573
1517157343.743520021439
1517157343.844379901886
1517157343.945240020752
1517157344.046039104462
1517157344.146898984909
1517157344.247760057449
1517157344.348619937897
1517157344.449480056763
1517157344.550339937210
1517157344.651200056076
1517157344.752059936523
1517157344.852920055389
1517157344.953779935837
1517157345.054579019547
1517157345.155438899994
1517157345.256299018860
1517157345.357158899307
1517157345.458019018173
1517157345.558878898621
1517157345.659739017487
1517157345.760598897934
1517157345.861459016800
1517157345.962318897247
1517157346.063117027283
1517157346.163976907730
1517157346.264837026596
1517157346.365696907043
1517157346.466557025909
1517157346.567418098450
1517157346.668277978897
1517157346.769138097763
1517157346.869997978210
1517157346.970858097076
1517157347.071655035019
1517157347.172514915466
1517157347.273375034332
1517157347.374234914780
1517157347.475095033646
1517157347.575954914093
1517157347.676815032959
1517157347.777674913406
1517157347.878535032272
1517157347.979394912720
1517157348.080197095871
1517157348.181056976318
1517157348.281917095184
1517157348.382776975632
1517157348.483637094498
1517157348.584496974945
1517157348.685357093811
1517157348.786217927933
1517157348.887078046799
1517157348.987937927246
1517157349.088736057281
1517157349.189595937729
1517157349.290456056595
1517157349.391315937042
1517157349.492176055908
1517157349.593035936356
1517157349.693896055222
1517157349.794755935669
1517157349.895616054535
1517157349.996475934982
1517157350.097274065018
1517157350.198133945465
1517157350.298994064331
1517157350.399853944778
1517157350.500714063644
1517157350.601573944092
1517157350.702434062958
1517157350.803293943405
1517157350.904154062271
1517157351.004955053329
1517157351.105814933777
1517157351.206675052643
1517157351.307534933090
1517157351.408395051956
1517157351.509254932404
1517157351.610115051270
1517157351.710974931717
1517157351.811835050583
1517157351.912694931030
1517157352.013494014740
1517157352.114353895187
1517157352.215214014053
1517157352.316073894501
1517157352.416934013367
1517157352.517793893814
1517157352.618654012680
1517157352.719513893127
1517157352.820374011993
1517157352.921233892441
1517157353.022032976151
1517157353.122893095016
1517157353.223752975464
1517157353.324614048004
1517157353.425473928452
1517157353.526334047318
1517157353.627193927765
1517157353.728054046631
1517157353.828913927078
1517157353.929774045944
1517157354.030570983887
1517157354.131431102753
1517157354.232290983200
1517157354.333151102066
1517157354.434010982513
1517157354.534871101379
1517157354.635730981827
1517157354.736591100693
1517157354.837450981140
1517157354.938311100006
1517157355.039109945297
1517157355.139970064163
1517157355.240829944611
1517157355.341690063477
1517157355.442549943924
1517157355.543410062790
1517157355.644269943237
1517157355.745131015778
1517157355.845990896225
1517157355.946851015091
1517157356.047650098801
1517157356.148509979248
1517157356.249370098114
1517157356.350229978561
1517157356.451090097427
1517157356.551949977875
1517157356.652810096741
1517157356.753669977188
1517157356.854530096054
1517157356.955389976501
1517157357.056189060211
1517157357.157048940659
1517157357.257909059525
1517157357.358768939972
1517157357.459629058838
1517157357.560488939285
1517157357.661349058151
1517157357.762208938599
1517157357.863069057465
1517157357.963928937912
1517157358.064727067947
1517157358.165587902069
1517157358.266448020935
1517157358.367307901382
1517157358.468168020248
1517157358.569027900696
1517157358.669888019562
1517157358.770747900009
1517157358.871608018875
1517157358.972467899323
1517157359.073266983032
1517157359.174127101898
1517157359.274986982346
1517157359.375847101212
1517157359.476706981659
1517157359.577567100525
1517157359.678426980972
1517157359.779287099838
1517157359.880146980286
1517157359.981007099152
1517157360.081835985184
1517157360.182696104050
1517157360.283555984497
1517157360.384416103363
1517157360.485275983810
1517157360.586136102676
1517157360.686996936798
1517157360.787857055664
1517157360.888716936111
1517157360.989577054977
1517157361.090346097946
1517157361.191205978394
1517157361.292066097260
1517157361.392925977707
1517157361.493786096573
1517157361.594645977020
1517157361.695506095886
1517157361.796365976334
1517157361.897226095200
1517157361.998085975647
1517157362.098884105682
1517157362.199743986130
1517157362.300604104996
1517157362.401463985443
1517157362.502324104309
1517157362.603183984756
1517157362.704044103622
1517157362.804903984070
1517157362.905764102936
1517157363.006562948227
1517157363.107423067093
1517157363.208283901215
1517157363.309144020081
1517157363.410003900528
1517157363.510864019394
1517157363.611723899841
1517157363.712584018707
1517157363.813443899155
1517157363.914304018021
1517157364.015104055405
1517157364.115963935852
1517157364.216824054718
1517157364.317683935165
1517157364.418544054031
1517157364.519403934479
1517157364.620264053345
1517157364.721123933792
1517157364.821984052658
1517157364.922843933105
1517157365.023642063141
1517157365.124501943588
1517157365.225362062454
1517157365.326221942902
1517157365.427082061768
1517157365.527941942215
1517157365.628802061081
1517157365.729662895203
1517157365.830523014069
1517157365.931382894516
1517157366.032182931900
1517157366.133043050766
1517157366.233902931213
1517157366.334763050079
1517157366.435622930527
1517157366.536483049393
1517157366.637342929840
1517157366.738203048706
1517157366.839062929153
1517157366.939923048019
1517157367.040719985962
1517157367.141580104828
1517157367.242439985275
1517157367.343300104141
1517157367.444159984589
1517157367.545020103455
1517157367.645879983902
1517157367.746740102768
1517157367.847599983215
1517157367.948460102081
1517157368.049258947372
1517157368.150119066238
1517157368.250979900360
1517157368.351840019226
1517157368.452699899673
1517157368.553560018539
1517157368.654419898987
1517157368.755280017853
1517157368.856139898300
1517157368.957000017166
1517157369.057807922363
1517157369.158668041229
1517157369.259527921677
1517157369.360388040543
1517157369.461247920990
1517157369.562108039856
1517157369.662967920303
1517157369.763828039169
1517157369.864687919617
1517157369.965548038483
1517157370.066338062286
1517157370.167197942734
1517157370.268058061600
1517157370.368917942047
1517157370.469778060913
1517157370.570637941360
1517157370.671499013901
1517157370.772358894348
1517157370.873219013214
1517157370.974078893661
1517157371.074877977371
1517157371.175738096237
1517157371.276597976685
1517157371.377458095551
1517157371.478317975998
1517157371.579178094864
1517157371.680037975311
1517157371.780898094177
1517157371.881757974625
1517157371.982618093491
1517157372.083416938782
1517157372.184277057648
1517157372.285136938095
1517157372.385997056961
1517157372.486856937408
1517157372.587717056274
1517157372.688576936722
1517157372.789437055588
1517157372.890296936035
1517157372.991157054901
1517157373.091954946518
1517157373.192816019058
1517157373.293675899506
1517157373.394536018372
1517157373.495395898819
1517157373.596256017685
1517157373.697115898132
1517157373.797976016998
1517157373.898835897446
1517157373.999696016312
1517157374.100495100021
1517157374.201354980469
1517157374.302215099335
1517157374.403074979782
1517157374.503935098648
1517157374.604794979095
1517157374.705655097961
1517157374.806514978409
1517157374.907375097275
1517157375.008173942566
1517157375.109034061432
1517157375.209893941879
1517157375.310755014420
1517157375.411614894867
1517157375.512475013733
1517157375.613334894180
1517157375.714195013046
1517157375.815054893494
1517157375.915915012360
1517157376.016724109650
1517157376.117583990097
1517157376.218444108963
1517157376.319303989410
1517157376.420164108276
1517157376.521023988724
1517157376.621884107590
1517157376.722743988037
1517157376.823604106903
1517157376.924463987350
1517157377.025254011154
1517157377.126113891602
1517157377.226974010468
1517157377.327833890915
1517157377.428694963455
1517157377.529555082321
1517157377.630414962769
1517157377.731275081635
1517157377.832134962082
1517157377.932995080948
1517157378.033792018890
1517157378.134651899338
1517157378.235512018204
1517157378.336371898651
1517157378.437232017517
1517157378.538091897964
1517157378.638952016830
1517157378.739811897278
1517157378.840672016144
1517157378.941531896591
1517157379.042331933975
1517157379.143192052841
1517157379.244051933289
1517157379.344912052155
1517157379.445771932602
1517157379.546632051468
1517157379.647492885590
1517157379.748353004456
1517157379.849212884903
1517157379.950073003769
1517157380.050872087479
1517157380.151731967926
1517157380.252592086792
1517157380.353451967239
1517157380.454312086105
1517157380.555171966553
1517157380.656032085419
1517157380.756891965866
1517157380.857752084732
1517157380.958611965179
1517157381.059411048889
1517157381.160270929337
1517157381.261131048203
1517157381.361990928650
1517157381.462851047516
1517157381.563710927963
1517157381.664571046829
1517157381.765431880951
1517157381.866291999817
1517157381.967152118683
1517157382.067950963974
1517157382.168811082840
1517157382.269670963287
1517157382.370531082153
1517157382.471390962601
1517157382.572251081467
1517157382.673110961914
1517157382.773971080780
1517157382.874830961227
1517157382.975691080093
1517157383.076488971710
1517157383.177349090576
1517157383.278208971024
1517157383.379069089890
1517157383.479928970337
1517157383.580789089203
1517157383.681648969650
1517157383.782509088516
1517157383.883369922638
1517157383.984230041504
1517157384.085028886795
1517157384.185889005661
1517157384.286748886108
1517157384.387609004974
1517157384.488468885422
1517157384.589329004288
1517157384.690188884735
1517157384.791049003601
1517157384.891908884048
1517157384.992769002914
1517157385.093566894531
1517157385.194427013397
1517157385.295286893845
1517157385.396147012711
1517157385.497006893158
1517157385.597867012024
1517157385.698726892471
1517157385.799587011337
1517157385.900446891785
1517157386.001246929169
1517157386.102107048035
1517157386.202966928482
1517157386.303827047348
1517157386.404686927795
1517157386.505547046661
1517157386.606406927109
1517157386.707267045975
1517157386.808126926422
1517157386.908987045288
1517157387.009787082672
1517157387.110646963120
1517157387.211507081985
1517157387.312366962433
1517157387.413227081299
1517157387.514086961746
1517157387.614947080612
1517157387.715806961060
1517157387.816667079926
1517157387.917526960373
1517157388.018325090408
1517157388.119184970856
1517157388.220046043396
1517157388.320905923843
1517157388.421766042709
1517157388.522625923157
1517157388.623486042023
1517157388.724345922470
1517157388.825206041336
1517157388.926065921783
1517157389.026865005493
1517157389.127724885941
1517157389.228585004807
1517157389.329444885254
1517157389.430305004120
1517157389.531164884567
1517157389.632025003433
1517157389.732884883881
1517157389.833745002747
1517157389.934604883194
1517157390.035412073135
1517157390.136271953583
1517157390.237132072449
1517157390.337992906570
1517157390.438853025436
1517157390.539712905884
1517157390.640573024750
1517157390.741432905197
1517157390.842293024063
1517157390.943152904510
1517157391.043942928314
1517157391.144803047180
1517157391.245662927628
1517157391.346523046494
1517157391.447382926941
1517157391.548243045807
1517157391.649102926254
1517157391.749963045120
1517157391.850822925568
1517157391.951683044434
1517157392.052481889725
1517157392.153342008591
1517157392.254201889038
1517157392.355062007904
1517157392.455921888351
1517157392.556782960892
1517157392.657643079758
1517157392.758502960205
1517157392.859363079071
1517157392.960222959518
1517157393.061022043228
1517157393.161881923676
1517157393.262742042542
1517157393.363601922989
1517157393.464462041855
1517157393.565321922302
1517157393.666182041168
1517157393.767041921616
1517157393.867902040482
1517157393.968761920929
1517157394.069561004639
1517157394.170420885086
1517157394.271281003952
1517157394.372140884399
1517157394.473001003265
1517157394.573860883713
1517157394.674721956253
1517157394.775582075119
1517157394.876441955566
1517157394.977302074432
1517157395.078080892563
1517157395.178941011429
1517157395.279800891876
1517157395.380661010742
1517157395.481520891190
1517157395.582381010056
1517157395.683240890503
1517157395.784101009369
1517157395.884960889816
1517157395.985821008682
1517157396.086638927460
1517157396.187499046326
1517157396.288358926773
1517157396.389219045639
1517157396.490078926086
1517157396.590939044952
1517157396.691798925400
1517157396.792659997940
1517157396.893520116806
1517157396.994379997253
1517157397.095232009888
1517157397.196091890335
1517157397.296952009201
1517157397.397811889648
1517157397.498672008514
1517157397.599531888962
1517157397.700392007828
1517157397.801251888275
1517157397.902112007141
1517157398.002859115601
1517157398.103718996048
1517157398.204579114914
1517157398.305438995361
1517157398.406299114227
1517157398.507158994675
1517157398.608019113541
1517157398.708878993988
1517157398.809739112854
1517157398.910599946976
1517157399.011398077011
1517157399.112257957458
1517157399.213118076324
1517157399.313977956772
1517157399.414838075638
1517157399.515697956085
1517157399.616558074951
1517157399.717417955399
1517157399.818278074265
1517157399.919137954712
1517157400.019937038422
1517157400.120796918869
1517157400.221657037735
1517157400.322516918182
1517157400.423377037048
1517157400.524236917496
1517157400.625097036362
1517157400.725956916809
1517157400.826817035675
1517157400.927676916122
1517157401.028475999832
1517157401.129337072372
1517157401.230196952820
1517157401.331057071686
1517157401.431916952133
1517157401.532777070999
1517157401.633636951447
1517157401.734497070312
1517157401.835356950760
1517157401.936217069626
1517157402.037015914917
1517157402.137876033783
1517157402.238735914230
1517157402.339596033096
1517157402.440455913544
1517157402.541316032410
1517157402.642175912857
1517157402.743036031723
1517157402.843895912170
1517157402.944756031036
1517157403.045555114746
1517157403.146414995193
1517157403.247275114059
1517157403.348134994507
1517157403.448995113373
1517157403.549855947495
1517157403.650716066360
1517157403.751575946808
1517157403.852436065674
1517157403.953295946121
1517157404.054094076157
1517157404.154953956604
1517157404.255814075470
1517157404.356673955917
1517157404.457534074783
1517157404.558393955231
1517157404.659254074097
1517157404.760113954544
1517157404.860974073410
1517157404.961833953857
1517157405.062633037567
1517157405.163492918015
1517157405.264353036880
1517157405.365212917328
1517157405.466073036194
1517157405.566932916641
1517157405.667793035507
1517157405.768652915955
1517157405.869513988495
1517157405.970374107361
1517157406.071172952652
1517157406.172033071518
1517157406.272892951965
1517157406.373753070831
1517157406.474612951279
1517157406.575473070145
1517157406.676332950592
1517157406.777193069458
1517157406.878052949905
1517157406.978913068771
1517157407.079711914062
1517157407.180572032928
1517157407.281431913376
1517157407.382292032242
1517157407.483151912689
1517157407.584012031555
1517157407.684871912003
1517157407.785732030869
1517157407.886591911316
1517157407.987452030182
1517157408.088251113892
1517157408.189110994339
1517157408.289972066879
1517157408.390831947327
1517157408.491692066193
1517157408.592551946640
1517157408.693412065506
1517157408.794271945953
1517157408.895132064819
1517157408.995991945267
1517157409.096791028976
1517157409.197650909424
1517157409.298511028290
1517157409.399370908737
1517157409.500231027603
1517157409.601090908051
1517157409.701951026917
1517157409.802810907364
1517157409.903671026230
1517157410.004470109940
1517157410.105329990387
1517157410.206190109253
1517157410.307049989700
1517157410.407910108566
1517157410.508769989014
1517157410.609631061554
1517157410.710490942001
1517157410.811351060867
1517157410.912210941315
1517157411.013019084930
1517157411.113878965378
1517157411.214739084244
1517157411.315598964691
1517157411.416459083557
1517157411.517318964005
1517157411.618179082870
1517157411.719038963318
1517157411.819899082184
1517157411.920758962631
1517157412.021548986435
1517157412.122409105301
1517157412.223268985748
1517157412.324129104614
1517157412.424988985062
1517157412.525849103928
1517157412.626708984375
1517157412.727569103241
1517157412.828428983688
1517157412.929289102554
1517157413.030088901520
1517157413.130949020386
1517157413.231808900833
1517157413.332669019699
1517157413.433528900146
1517157413.534389019012
1517157413.635248899460
1517157413.736109018326
1517157413.836968898773
1517157413.937829017639
1517157414.038626909256
1517157414.139487028122
1517157414.240346908569
1517157414.341207027435
1517157414.442066907883
1517157414.542927026749
1517157414.643786907196
1517157414.744647026062
1517157414.845506906509
1517157414.946367025375
1517157415.047167062759
1517157415.148026943207
1517157415.248887062073
1517157415.349747896194
1517157415.450608015060
1517157415.551467895508
1517157415.652328014374
1517157415.753187894821
1517157415.854048013687
1517157415.954907894135
1517157416.055706024170
1517157416.156565904617
1517157416.257426023483
1517157416.358285903931
1517157416.459146022797
1517157416.560005903244
1517157416.660866022110
1517157416.761725902557
1517157416.862586021423
1517157416.963445901871
1517157417.064244985580
1517157417.165105104446
1517157417.265964984894
1517157417.366825103760
1517157417.467684984207
1517157417.568545103073
1517157417.669404983521
1517157417.770266056061
1517157417.871125936508
1517157417.971986055374
1517157418.072784900665
1517157418.173645019531
1517157418.274504899979
1517157418.375365018845
1517157418.476224899292
1517157418.577085018158
1517157418.677944898605
1517157418.778805017471
1517157418.879664897919
1517157418.980525016785
1517157419.081324100494
1517157419.182183980942
1517157419.283044099808
1517157419.383903980255
1517157419.484764099121
1517157419.585623979568
1517157419.686484098434
1517157419.787343978882
1517157419.888204097748
1517157419.989063978195
1517157420.089863061905
1517157420.190723896027
1517157420.291584014893
1517157420.392443895340
1517157420.493304014206
1517157420.594163894653
1517157420.695024013519
1517157420.795883893967
1517157420.896744012833
1517157420.997603893280
1517157421.098403930664
1517157421.199264049530
1517157421.300123929977
1517157421.400984048843
1517157421.501843929291
1517157421.602704048157
1517157421.703563928604
1517157421.804424047470
1517157421.905283927917
1517157422.006082057953
1517157422.106941938400
1517157422.207802057266
1517157422.308661937714
1517157422.409522056580
1517157422.510381937027
1517157422.611243009567
1517157422.712102890015
1517157422.812963008881
1517157422.913822889328
1517157423.014621019363
1517157423.115480899811
1517157423.216341018677
1517157423.317200899124
1517157423.418061017990
1517157423.518920898438
1517157423.619781017303
1517157423.720640897751
1517157423.821501016617
1517157423.922360897064
1517157424.023159980774
1517157424.124020099640
1517157424.224879980087
1517157424.325740098953
1517157424.426599979401
1517157424.527460098267
1517157424.628319978714
1517157424.729180097580
1517157424.830039978027
1517157424.930901050568
1517157425.031699895859
1517157425.132560014725
1517157425.233419895172
1517157425.334280014038
1517157425.435139894485
1517157425.536000013351
1517157425.636859893799
1517157425.737720012665
1517157425.838579893112
1517157425.939440011978
1517157426.040239095688
1517157426.141098976135
1517157426.241959095001
1517157426.342818975449
1517157426.443679094315
1517157426.544538974762
1517157426.645399093628
1517157426.746258974075
1517157426.847119092941
1517157426.947978973389
1517157427.048779010773
1517157427.149638891220
1517157427.250499963760
1517157427.351360082626
1517157427.452219963074
1517157427.553080081940
1517157427.653939962387
1517157427.754800081253
1517157427.855659961700
1517157427.956520080566
1517157428.057317972183
1517157428.158178091049
1517157428.259037971497
1517157428.359898090363
1517157428.460757970810
1517157428.561618089676
1517157428.662477970123
1517157428.763338088989
1517157428.864197969437
1517157428.965058088303
1517157429.065857887268
1517157429.166718006134
1517157429.267577886581
1517157429.368438005447
1517157429.469297885895
1517157429.570158958435
1517157429.671019077301
1517157429.771878957748
1517157429.872739076614
1517157429.973598957062
1517157430.074397087097
1517157430.175256967545
1517157430.276117086411
1517157430.376976966858
1517157430.477837085724
1517157430.578696966171
1517157430.679557085037
1517157430.780416965485
1517157430.881277084351
1517157430.982136964798
1517157431.082936048508
1517157431.183795928955
1517157431.284656047821
1517157431.385515928268
1517157431.486376047134
1517157431.587235927582
1517157431.688096046448
1517157431.788957118988
1517157431.889816999435
1517157431.990677118301
1517157432.091484069824
1517157432.192343950272
1517157432.293204069138
1517157432.394063949585
1517157432.494924068451
1517157432.595783948898
1517157432.696644067764
1517157432.797503948212
1517157432.898364067078
1517157432.999223947525
1517157433.100014925003
1517157433.200875043869
1517157433.301734924316
1517157433.402595043182
1517157433.503454923630
1517157433.604315042496
1517157433.705174922943
1517157433.806035041809
1517157433.906896114349
1517157434.007694005966
1517157434.108553886414
1517157434.209414005280
1517157434.310273885727
1517157434.411134004593
1517157434.511993885040
1517157434.612854003906
1517157434.713713884354
1517157434.814574003220
1517157434.915433883667
1517157435.016232967377
1517157435.117093086243
1517157435.217952966690
1517157435.318813085556
1517157435.419672966003
1517157435.520533084869
1517157435.621392965317
1517157435.722253084183
1517157435.823112964630
1517157435.923973083496
1517157436.024771928787
1517157436.125633001328
1517157436.226492881775
1517157436.327353000641
1517157436.428212881088
1517157436.529072999954
1517157436.629933118820
1517157436.730792999268
1517157436.831653118134
1517157436.932512998581
1517157437.033312082291
1517157437.134171962738
1517157437.235032081604
1517157437.335891962051
1517157437.436752080917
1517157437.537611961365
1517157437.638472080231
1517157437.739331960678
1517157437.840192079544
1517157437.941051959991
1517157438.041851043701
1517157438.142710924149
1517157438.243571043015
1517157438.344432115555
1517157438.445291996002
1517157438.546152114868
1517157438.647011995316
1517157438.747872114182
1517157438.848731994629
1517157438.949592113495
1517157439.050391912460
1517157439.151252031326
1517157439.252111911774
1517157439.352972030640
1517157439.453831911087
1517157439.554692029953
1517157439.655551910400
1517157439.756412029266
1517157439.857271909714
1517157439.958132028580
1517157440.058931112289
1517157440.159790992737
1517157440.260651111603
1517157440.361510992050
1517157440.462371110916
1517157440.563231945038
1517157440.664092063904
1517157440.764951944351
1517157440.865812063217
1517157440.966671943665
1517157441.067470073700
1517157441.168329954147
1517157441.269190073013
1517157441.370049953461
1517157441.470910072327
1517157441.571769952774
1517157441.672630071640
1517157441.773489952087
1517157441.874350070953
1517157441.975209951401
1517157442.076009035110
1517157442.176868915558
1517157442.277729034424
1517157442.378588914871
1517157442.479449033737
1517157442.580308914185
1517157442.681169986725
1517157442.782030105591
1517157442.882889986038
1517157442.983750104904
1517157443.084547996521
1517157443.185408115387
1517157443.286267995834
1517157443.387128114700
1517157443.487987995148
1517157443.588848114014
1517157443.689707994461
1517157443.790568113327
1517157443.891427993774
1517157443.992288112640
1517157444.093086957932
1517157444.193947076797
1517157444.294806957245
1517157444.395667076111
1517157444.496526956558
1517157444.597387075424
1517157444.698246955872
1517157444.799107074738
1517157444.899967908859
1517157445.000767946243
1517157445.101628065109
1517157445.202487945557
1517157445.303348064423
1517157445.404207944870
1517157445.505068063736
1517157445.605927944183
1517157445.706788063049
1517157445.807647943497
1517157445.908508062363
1517157446.009305953979
1517157446.110166072845
1517157446.211025953293
1517157446.311886072159
1517157446.412745952606
1517157446.513606071472
1517157446.614465951920
1517157446.715326070786
1517157446.816185951233
1517157446.917046070099
1517157447.017844915390
1517157447.118705987930
1517157447.219566106796
1517157447.320425987244
1517157447.421286106110
1517157447.522145986557
1517157447.623006105423
1517157447.723865985870
1517157447.824726104736
1517157447.925585985184
1517157448.026386022568
1517157448.127245903015
1517157448.228106021881
1517157448.328965902328
1517157448.429826021194
1517157448.530685901642
1517157448.631546020508
1517157448.732405900955
1517157448.833266019821
1517157448.934125900269
1517157449.034924030304
1517157449.135783910751
1517157449.236644029617
1517157449.337505102158
1517157449.438364982605
1517157449.539225101471
1517157449.640084981918
1517157449.740945100784
1517157449.841804981232
1517157449.942665100098
1517157450.043463945389
1517157450.144324064255
1517157450.245183944702
1517157450.346044063568
1517157450.446903944016
1517157450.547764062881
1517157450.648623943329
1517157450.749484062195
1517157450.850343942642
1517157450.951204061508
1517157451.052002906799
1517157451.152863025665
1517157451.253722906113
1517157451.354583024979
1517157451.455444097519
1517157451.556303977966
1517157451.657164096832
1517157451.758023977280
1517157451.858884096146
1517157451.959743976593
1517157452.060542106628
1517157452.161401987076
1517157452.262262105942
1517157452.363121986389
1517157452.463982105255
1517157452.564841985703
1517157452.665702104568
1517157452.766561985016
1517157452.867422103882
1517157452.968281984329
1517157453.069091081619
1517157453.169950962067
1517157453.270811080933
1517157453.371670961380
1517157453.472531080246
1517157453.573390960693
1517157453.674252033234
1517157453.775111913681
1517157453.875972032547
1517157453.976831912994
1517157454.077620983124
1517157454.178481101990
1517157454.279340982437
1517157454.380201101303
1517157454.481060981750
1517157454.581921100616
1517157454.682780981064
1517157454.783641099930
1517157454.884500980377
1517157454.985361099243
1517157455.086159944534
1517157455.187020063400
1517157455.287879943848
1517157455.388740062714
1517157455.489599943161
1517157455.590460062027
1517157455.691319942474
1517157455.792180061340
1517157455.893040895462
1517157455.993901014328
1517157456.094700098038
1517157456.195559978485
1517157456.296420097351
1517157456.397279977798
1517157456.498140096664
1517157456.598999977112
1517157456.699860095978
1517157456.800719976425
1517157456.901580095291
1517157457.002378940582
1517157457.103239059448
1517157457.204098939896
1517157457.304959058762
1517157457.405818939209
1517157457.506679058075
1517157457.607538938522
1517157457.708399057388
1517157457.809258937836
1517157457.910119056702
1517157458.010917901993
1517157458.111778020859
1517157458.212637901306
1517157458.313498020172
1517157458.414357900620
1517157458.515218019485
1517157458.616077899933
1517157458.716938018799
1517157458.817797899246
1517157458.918658018112
1517157459.019458055496
1517157459.120317935944
1517157459.221178054810
1517157459.322037935257
1517157459.422898054123
1517157459.523757934570
1517157459.624618053436
1517157459.725477933884
1517157459.826338052750
1517157459.927197933197
1517157460.027997016907
1517157460.128856897354
1517157460.229717969894
1517157460.330578088760
1517157460.431437969208
1517157460.532298088074
1517157460.633157968521
1517157460.734018087387
1517157460.834877967834
1517157460.935738086700
1517157461.036535978317
1517157461.137396097183
1517157461.238255977631
1517157461.339116096497
1517157461.439975976944
1517157461.540836095810
1517157461.641695976257
1517157461.742556095123
1517157461.843415975571
1517157461.944276094437
1517157462.045074939728
1517157462.145935058594
1517157462.246794939041
1517157462.347655057907
1517157462.448515892029
1517157462.549376010895
1517157462.650235891342
1517157462.751096010208
1517157462.851955890656
1517157462.952816009521
1517157463.053616046906
1517157463.154475927353
1517157463.255336046219
1517157463.356195926666
1517157463.457056045532
1517157463.557915925980
1517157463.658776044846
1517157463.759635925293
1517157463.860496044159
1517157463.961355924606
1517157464.062155008316
1517157464.163014888763
1517157464.263875007629
1517157464.364734888077
1517157464.465595006943
1517157464.566454887390
1517157464.667315006256
1517157464.768176078796
1517157464.869035959244
1517157464.969896078110
1517157465.070693969727
1517157465.171554088593
1517157465.272413969040
1517157465.373274087906
1517157465.474133968353
1517157465.574994087219
1517157465.675853967667
1517157465.776714086533
1517157465.877573966980
1517157465.978434085846
1517157466.079232931137
1517157466.180093050003
1517157466.280952930450
1517157466.381813049316
1517157466.482672929764
1517157466.583533048630
1517157466.684392929077
1517157466.785253047943
1517157466.886112928391
1517157466.986973047256
1517157467.087770938873
1517157467.188632011414
1517157467.289491891861
1517157467.390352010727
1517157467.491211891174
1517157467.592072010040
1517157467.692931890488
1517157467.793792009354
1517157467.894651889801
1517157467.995512008667
1517157468.096311092377
1517157468.197170972824
1517157468.298031091690
1517157468.398890972137
1517157468.499751091003
1517157468.600610971451
1517157468.701471090317
1517157468.802330970764
1517157468.903191089630
1517157469.003989934921
1517157469.104850053787
1517157469.205709934235
1517157469.306570053101
1517157469.407430887222
1517157469.508291006088
1517157469.609150886536
1517157469.710011005402
1517157469.810870885849
1517157469.911731004715
1517157470.012530088425
1517157470.113389968872
1517157470.214250087738
1517157470.315109968185
1517157470.415970087051
1517157470.516829967499
1517157470.617690086365
1517157470.718549966812
1517157470.819410085678
1517157470.920269966125
1517157471.021069049835
1517157471.121928930283
1517157471.222789049149
1517157471.323648929596
1517157471.424509048462
1517157471.525368928909
1517157471.626229047775
1517157471.727089881897
1517157471.827950000763
1517157471.928809881210
1517157472.029608011246
1517157472.130467891693
1517157472.231328010559
1517157472.332187891006
1517157472.433048009872
1517157472.533907890320
1517157472.634768009186
1517157472.735627889633
1517157472.836488008499
1517157472.937347888947
1517157473.038147926331
1517157473.139008045197
1517157473.239867925644
1517157473.340728044510
1517157473.441587924957
1517157473.542448043823
1517157473.643307924271
1517157473.744168043137
1517157473.845029115677
1517157473.945888996124
1517157474.046694993973
1517157474.147555112839
1517157474.248414993286
1517157474.349275112152
1517157474.450134992599
1517157474.550995111465
1517157474.651854991913
1517157474.752715110779
1517157474.853574991226
1517157474.954435110092
1517157475.055226087570
1517157475.156085968018
1517157475.256946086884
1517157475.357805967331
1517157475.458666086197
1517157475.559525966644
1517157475.660386085510
1517157475.761245965958
1517157475.862106084824
1517157475.962966918945
1517157476.063766002655
1517157476.164625883102
1517157476.265486001968
1517157476.366345882416
1517157476.467206001282
1517157476.568065881729
1517157476.668926000595
1517157476.769785881042
1517157476.870645999908
1517157476.971506118774
1517157477.072304964066
1517157477.173165082932
1517157477.274024963379
1517157477.374885082245
1517157477.475744962692
1517157477.576605081558
1517157477.677464962006
1517157477.778325080872
1517157477.879184961319
1517157477.980045080185
1517157478.080843925476
1517157478.181704998016
1517157478.282565116882
1517157478.383424997330
1517157478.484285116196
1517157478.585144996643
1517157478.686005115509
1517157478.786864995956
1517157478.887725114822
1517157478.988584995270
1517157479.089382886887
1517157479.190243005753
1517157479.291102886200
1517157479.391963005066
1517157479.492822885513
1517157479.593683004379
1517157479.694542884827
1517157479.795403003693
1517157479.896262884140
1517157479.997123003006
1517157480.097922086716
1517157480.198781967163
1517157480.299643039703
1517157480.400502920151
1517157480.501363039017
1517157480.602222919464
1517157480.703083038330
1517157480.803942918777
1517157480.904803037643
1517157481.005603075027
1517157481.106462955475
1517157481.207323074341
1517157481.308182954788
1517157481.409043073654
1517157481.509902954102
1517157481.610763072968
1517157481.711622953415
1517157481.812483072281
1517157481.913342952728
1517157482.014142036438
1517157482.115001916885
1517157482.215862035751
1517157482.316721916199
1517157482.417582035065
1517157482.518443107605
1517157482.619302988052
1517157482.720163106918
1517157482.821022987366
1517157482.921883106232
1517157483.022680044174
1517157483.123539924622
1517157483.224400043488
1517157483.325259923935
1517157483.426120042801
1517157483.526979923248
1517157483.627840042114
1517157483.728699922562
1517157483.829560041428
1517157483.930419921875
1517157484.031219959259
1517157484.132080078125
1517157484.232939958572
1517157484.333800077438
1517157484.434659957886
1517157484.535520076752
1517157484.636380910873
1517157484.737241029739
1517157484.838100910187
1517157484.938961029053
1517157485.039758920670
1517157485.140619039536
1517157485.241478919983
1517157485.342339038849
1517157485.443198919296
1517157485.544059038162
1517157485.644918918610
1517157485.745779037476
1517157485.846638917923
1517157485.947499036789
1517157486.048299074173
1517157486.149158954620
1517157486.250019073486
1517157486.350878953934
1517157486.451739072800
1517157486.552598953247
1517157486.653459072113
1517157486.754318952560
1517157486.855180025101
1517157486.956039905548
1517157487.056838035583
1517157487.157697916031
1517157487.258558034897
1517157487.359417915344
1517157487.460278034210
1517157487.561137914658
1517157487.661998033524
1517157487.762857913971
1517157487.863718032837
1517157487.964577913284
1517157488.065376043320
1517157488.166235923767
1517157488.267096042633
1517157488.367955923080
1517157488.468816041946
1517157488.569675922394
1517157488.670536041260
1517157488.771395921707
1517157488.872256040573
1517157488.973117113113
1517157489.073915958405
1517157489.174776077271
1517157489.275635957718
1517157489.376496076584
1517157489.477355957031
1517157489.578216075897
1517157489.679075956345
1517157489.779936075211
1517157489.880795955658
1517157489.981656074524
1517157490.082454919815
1517157490.183315038681
1517157490.284174919128
1517157490.385035037994
1517157490.485894918442
1517157490.586755037308
1517157490.687614917755
1517157490.788475036621
1517157490.889334917068
1517157490.990195035934
1517157491.090993881226
1517157491.191854953766
1517157491.292715072632
1517157491.393574953079
1517157491.494435071945
1517157491.595294952393
1517157491.696155071259
1517157491.797014951706
1517157491.897875070572
1517157491.998734951019
1517157492.099534034729
1517157492.200393915176
1517157492.301254034042
1517157492.402113914490
1517157492.502974033356
1517157492.603833913803
1517157492.704694032669
1517157492.805553913116
1517157492.906414031982
1517157493.007211923599
1517157493.108072042465
1517157493.208931922913
1517157493.309792995453
1517157493.410653114319
1517157493.511512994766
1517157493.612373113632
1517157493.713232994080
1517157493.814093112946
1517157493.914952993393
1517157494.015752077103
1517157494.116611957550
1517157494.217472076416
1517157494.318331956863
1517157494.419192075729
1517157494.520051956177
1517157494.620912075043
1517157494.721771955490
1517157494.822632074356
1517157494.923491954803
1517157495.024300098419
1517157495.125159978867
1517157495.226020097733
1517157495.326879978180
1517157495.427740097046
1517157495.528600931168
1517157495.629461050034
1517157495.730320930481
1517157495.831181049347
1517157495.932040929794
1517157496.032831907272
1517157496.133692026138
1517157496.234551906586
1517157496.335412025452
1517157496.436271905899
1517157496.537132024765
1517157496.637991905212
1517157496.738852024078
1517157496.839711904526
1517157496.940572023392
1517157497.041369915009
1517157497.142230033875
1517157497.243089914322
1517157497.343950033188
1517157497.444809913635
1517157497.545670032501
1517157497.646531105042
1517157497.747390985489
1517157497.848251104355
1517157497.949110984802
1517157498.049910068512
1517157498.150769948959
1517157498.251630067825
1517157498.352489948273
1517157498.453350067139
1517157498.554209947586
1517157498.655070066452
1517157498.755929946899
1517157498.856790065765
1517157498.957649946213
1517157499.058448076248
