header_stamp,point_count,valid_time_count,nan_time_count,time_min,time_max,time_span
1517157229.072650909424,28917,28917,0,0.000000000,0.100839451,0.100839451
1517157229.173511028290,28823,28823,0,0.000000000,0.100839451,0.100839451
1517157229.274370908737,28904,28904,0,0.000000000,0.100839451,0.100839451
1517157229.375231027603,28928,28928,0,0.000000000,0.100839451,0.100839451
1517157229.476090908051,28982,28982,0,0.000000000,0.100839451,0.100839451
1517157229.576951026917,28987,28987,0,0.000000000,0.100839451,0.100839451
1517157229.677810907364,28987,28987,0,0.000000000,0.100839451,0.100839451
1517157229.778671026230,28957,28957,0,0.000000000,0.100839451,0.100839451
1517157229.879530906677,28956,28956,0,0.000000000,0.100839451,0.100839451
1517157229.980391025543,28986,28986,0,0.000000000,0.100777462,0.100777462
1517157230.081188917160,28980,28980,0,0.000000000,0.100839451,0.100839451
1517157230.182049036026,28989,28989,0,0.000000000,0.100839451,0.100839451
1517157230.282908916473,29033,29033,0,0.000000000,0.100839451,0.100839451
1517157230.383769035339,29036,29036,0,0.000000000,0.100839451,0.100839451
1517157230.484628915787,29059,29059,0,0.000000000,0.100839451,0.100839451
1517157230.585489034653,29024,29024,0,0.000000000,0.100839451,0.100839451
1517157230.686348915100,29011,29011,0,0.000000000,0.100839451,0.100839451
1517157230.787209033966,29011,29011,0,0.000000000,0.100839451,0.100839451
1517157230.888070106506,29046,29046,0,0.000000000,0.100838259,0.100838259
1517157230.988929986954,29031,29031,0,0.000000000,0.100778416,0.100778416
1517157231.089729070663,29052,29052,0,0.000000000,0.100839213,0.100839213
1517157231.190588951111,29042,29042,0,0.000000000,0.100839451,0.100839451
1517157231.291449069977,29084,29084,0,0.000000000,0.100839213,0.100839213
1517157231.392308950424,29060,29060,0,0.000000000,0.100839451,0.100839451
1517157231.493169069290,29039,29039,0,0.000000000,0.100839213,0.100839213
1517157231.594028949738,29032,29032,0,0.000000000,0.100839451,0.100839451
1517157231.694889068604,29059,29059,0,0.000000000,0.100839213,0.100839213
1517157231.795748949051,29061,29061,0,0.000000000,0.100839451,0.100839451
1517157231.896609067917,29024,29024,0,0.000000000,0.100839213,0.100839213
1517157231.997468948364,29080,29080,0,0.000000000,0.100778416,0.100778416
1517157232.098268032074,29070,29070,0,0.000000000,0.100839451,0.100839451
1517157232.199127912521,29072,29072,0,0.000000000,0.100839451,0.100839451
1517157232.299988031387,29082,29082,0,0.000000000,0.100839451,0.100839451
1517157232.400847911835,29058,29058,0,0.000000000,0.100839451,0.100839451
1517157232.501708030701,29027,29027,0,0.000000000,0.100839451,0.100839451
1517157232.602567911148,29053,29053,0,0.000000000,0.100839451,0.100839451
1517157232.703428030014,29048,29048,0,0.000000000,0.100839451,0.100839451
1517157232.804287910461,29039,29039,0,0.000000000,0.100839451,0.100839451
1517157232.905148029327,29054,29054,0,0.000000000,0.100778416,0.100778416
1517157233.005947113037,29056,29056,0,0.000000000,0.100839213,0.100839213
observed_cloud_count=40
observed_rate_hz=9.915347836
header_time_min=1517157229.072650909424
header_time_max=1517157233.005947113037
time_reference=SCAN_START (source code uses packet stamp minus scan header stamp)
