0.000000000 0.000000000 0.000000000
0.042696000 -0.060796000 -0.021011000
0.061791000 0.003168000 0.002001000
0.043103000 0.001594000 0.002195000
0.045035000 -0.012507000 0.017081000
0.074941000 -0.011559000 0.008223000
0.069358000 -0.007744000 0.002995000
0.061795000 -0.009188000 0.006111000
0.062660000 -0.014697000 0.020660000
0.085955000 -0.014388000 -0.000843000
0.120958000 -0.012323000 0.001940000
0.122284000 -0.014764000 0.003760000
0.109874000 -0.009817000 -0.000392000
0.109104000 -0.007703000 -0.001521000
0.112324000 -0.009127000 0.001692000
0.115174000 -0.009374000 0.002661000
0.098814000 -0.011793000 0.000879000
0.106703000 -0.008057000 -0.001188000
0.105896000 -0.012837000 -0.004357000
0.108062000 -0.011421000 0.000267000
0.109812000 -0.012637000 0.004603000
0.134236000 -0.005823000 0.001506000
0.166909000 -0.009044000 -0.004113000
0.254939000 -0.000044000 -0.008373000
0.370257000 0.008995000 -0.032755000
0.523654000 0.014422000 -0.052299000
0.724209000 0.034298000 -0.064389000
0.954657000 0.073196000 -0.095622000
1.227025000 0.121390000 -0.121155000
1.509637000 0.210720000 -0.146627000
1.824850000 0.329906000 -0.173430000
2.159902000 0.445504000 -0.204089000
2.508247000 0.568710000 -0.228513000
2.884256000 0.710941000 -0.233859000
3.217960000 0.942198000 -0.267287000
3.528467000 1.151111000 -0.293820000
3.869315000 1.321571000 -0.321112000
4.215438000 1.504762000 -0.350923000
4.540612000 1.707353000 -0.369200000
4.851535000 1.919941000 -0.392434000
5.219090000 2.091611000 -0.434782000
5.586402000 2.165558000 -0.470145000
5.904820000 2.185905000 -0.483683000
6.220687000 2.215617000 -0.510425000
6.554184000 2.269032000 -0.530163000
6.868953000 2.379137000 -0.561313000
7.159105000 2.540765000 -0.595443000
7.477072000 2.684505000 -0.611300000
7.769012000 2.816234000 -0.637134000
8.118367000 2.956169000 -0.663433000
8.355774000 3.067594000 -0.680375000
8.726933000 3.229994000 -0.681192000
9.045097000 3.371549000 -0.744017000
9.396632000 3.515706000 -0.768728000
9.752283000 3.629742000 -0.798998000
10.082337000 3.731964000 -0.839180000
10.448753000 3.843318000 -0.862759000
10.828894000 3.962322000 -0.894177000
11.179902000 4.074998000 -0.919300000
11.531105000 4.191321000 -0.957427000
11.909714000 4.316856000 -0.985903000
12.260074000 4.433717000 -1.018944000
12.635300000 4.561435000 -1.053374000
12.974502000 4.677150000 -1.078273000
13.345452000 4.804478000 -1.105448000
13.696284000 4.924294000 -1.138445000
14.107907000 5.070758000 -1.166466000
14.483013000 5.202124000 -1.210375000
14.921177000 5.357792000 -1.238596000
15.333990000 5.507565000 -1.258379000
15.775401000 5.671101000 -1.299865000
16.242806000 5.837845000 -1.336425000
16.742017000 6.023739000 -1.368248000
17.243185000 6.207961000 -1.408515000
17.774864000 6.411342000 -1.431661000
18.303278000 6.603146000 -1.464059000
18.839579000 6.797630000 -1.504014000
19.381440000 6.997080000 -1.557274000
19.918960000 7.232108000 -1.594072000
20.523719000 7.460483000 -1.641909000
21.120908000 7.623116000 -1.691249000
21.733864000 7.717974000 -1.738091000
22.349663000 7.850862000 -1.783225000
23.061141000 8.020067000 -1.839846000
23.723198000 8.201429000 -1.895693000
24.344370000 8.442369000 -1.938760000
24.922304000 8.675935000 -1.975178000
25.548331000 8.899419000 -2.024647000
26.127341000 9.102092000 -2.071337000
26.809915000 9.348635000 -2.126447000
27.410323000 9.568404000 -2.170453000
28.051173000 9.801391000 -2.228857000
28.616141000 10.010872000 -2.268107000
29.167962000 10.222651000 -2.304153000
29.788337000 10.455191000 -2.348058000
30.387667000 10.684300000 -2.392699000
30.951126000 10.905191000 -2.430355000
31.568683000 11.144945000 -2.477496000
32.183146000 11.386436000 -2.531172000
32.782201000 11.621017000 -2.572936000
33.400119000 11.872274000 -2.617921000
33.973049000 12.104104000 -2.657844000
34.544614000 12.321500000 -2.698175000
35.232022000 12.493233000 -2.751546000
35.830936000 12.589522000 -2.805043000
36.411065000 12.677827000 -2.846146000
37.083631000 12.820843000 -2.894637000
37.627603000 12.951715000 -2.941746000
38.235040000 13.135848000 -2.979867000
38.799616000 13.321371000 -3.024615000
39.370589000 13.546514000 -3.072467000
39.888260000 13.782860000 -3.113846000
40.529889000 14.033520000 -3.154358000
41.105249000 14.273326000 -3.209438000
41.660884000 14.506618000 -3.248448000
42.218074000 14.749764000 -3.281893000
42.743610000 14.960116000 -3.315010000
43.369552000 15.121354000 -3.367378000
43.949671000 15.230059000 -3.417820000
44.487942000 15.343777000 -3.451098000
45.045761000 15.500817000 -3.495676000
45.596744000 15.683057000 -3.544400000
46.165497000 15.884044000 -3.595097000
46.730181000 16.078767000 -3.648007000
47.309726000 16.276983000 -3.695726000
47.963421000 16.503594000 -3.749734000
48.521439000 16.695596000 -3.799080000
49.128000000 16.902566000 -3.847710000
49.742305000 17.117460000 -3.892118000
50.287287000 17.303920000 -3.932640000
50.952170000 17.534439000 -3.997313000
51.573593000 17.757157000 -4.043321000
52.232962000 17.990928000 -4.103176000
52.871494000 18.217398000 -4.149801000
53.479540000 18.437451000 -4.200333000
54.086517000 18.662506000 -4.257796000
54.673777000 18.878482000 -4.312371000
55.223192000 19.085519000 -4.361897000
55.767974000 19.285342000 -4.416881000
56.360751000 19.517129000 -4.472440000
57.017716000 19.761625000 -4.525185000
57.694048000 20.021838000 -4.575357000
58.349939000 20.276433000 -4.624806000
58.959098000 20.515135000 -4.655400000
59.569766000 20.758604000 -4.709136000
60.153754000 20.996377000 -4.759188000
60.808543000 21.261796000 -4.818998000
61.393154000 21.507598000 -4.863554000
62.123626000 21.800113000 -4.927843000
62.762366000 22.051564000 -4.974371000
63.355605000 22.196540000 -5.019999000
63.976718000 22.314248000 -5.078281000
64.600979000 22.436783000 -5.135156000
65.214405000 22.584390000 -5.191227000
65.798334000 22.801858000 -5.248435000
66.243592000 23.002029000 -5.284203000
66.795081000 23.200926000 -5.327107000
67.372314000 23.403717000 -5.380941000
67.917323000 23.603973000 -5.434778000
68.447536000 23.795285000 -5.478970000
68.960481000 23.982170000 -5.517649000
69.408810000 24.150844000 -5.547384000
69.896704000 24.328964000 -5.587760000
70.387832000 24.512152000 -5.627910000
70.879070000 24.702884000 -5.676463000
71.354296000 24.879672000 -5.723372000
71.808545000 25.038980000 -5.769521000
72.288715000 25.218864000 -5.807386000
72.746577000 25.358402000 -5.837497000
73.234804000 25.453078000 -5.874802000
73.753781000 25.532376000 -5.914966000
74.236644000 25.628670000 -5.964425000
74.746589000 25.764144000 -6.004098000
75.203057000 25.903230000 -6.045744000
75.664733000 26.121444000 -6.086696000
76.074016000 26.407885000 -6.118174000
76.437153000 26.664329000 -6.148853000
76.827839000 26.774639000 -6.181743000
77.174101000 26.740744000 -6.206735000
77.474995000 26.674815000 -6.250602000
77.759794000 26.622074000 -6.275389000
78.067992000 26.617059000 -6.314703000
78.386561000 26.629331000 -6.336205000
78.699068000 26.679793000 -6.360003000
78.990676000 26.750902000 -6.384864000
79.295756000 26.835165000 -6.410715000
79.595366000 26.989468000 -6.437341000
79.839000000 27.186798000 -6.454090000
80.157462000 27.398811000 -6.483474000
80.475804000 27.609425000 -6.492477000
80.805201000 27.839373000 -6.521443000
81.189873000 28.076081000 -6.550904000
81.590341000 28.267202000 -6.582168000
82.031378000 28.484183000 -6.617528000
82.474061000 28.660257000 -6.651177000
82.962647000 28.824939000 -6.699349000
83.470821000 28.981950000 -6.746151000
84.004363000 29.139277000 -6.787512000
84.533598000 29.312618000 -6.826632000
85.113436000 29.491700000 -6.876219000
85.723686000 29.694025000 -6.928119000
86.308620000 29.903594000 -6.974409000
86.924733000 30.110935000 -7.023625000
87.537435000 30.325312000 -7.080484000
88.174389000 30.552947000 -7.137756000
88.861785000 30.802131000 -7.201107000
89.557051000 31.055022000 -7.259721000
90.242999000 31.307669000 -7.314444000
90.847445000 31.527070000 -7.356792000
91.609623000 31.816532000 -7.427223000
92.245779000 32.060122000 -7.477140000
92.780033000 32.273222000 -7.519219000
93.466803000 32.535533000 -7.583628000
94.002196000 32.752883000 -7.623009000
94.576952000 32.984833000 -7.664737000
95.102352000 33.173992000 -7.700296000
95.612491000 33.277559000 -7.734923000
96.133403000 33.346379000 -7.783092000
96.769305000 33.481140000 -7.839605000
97.319666000 33.624994000 -7.893952000
97.858326000 33.769079000 -7.941960000
98.383797000 33.918074000 -7.985996000
98.925600000 34.073737000 -8.032950000
99.450074000 34.241547000 -8.081166000
99.975137000 34.443368000 -8.124604000
100.499511000 34.653119000 -8.171884000
100.999601000 34.858672000 -8.218349000
101.590253000 35.093883000 -8.273443000
102.180195000 35.330948000 -8.319768000
102.770456000 35.572471000 -8.368088000
103.351796000 35.809261000 -8.414817000
103.980493000 36.066355000 -8.472542000
104.582458000 36.318182000 -8.524339000
105.195722000 36.587207000 -8.568535000
105.792656000 36.810364000 -8.620102000
106.363160000 36.945498000 -8.668938000
106.961425000 37.034137000 -8.723260000
107.626609000 37.191783000 -8.787440000
108.290242000 37.409492000 -8.845424000
108.831268000 37.597468000 -8.885308000
109.482601000 37.815542000 -8.937050000
110.100381000 38.028283000 -8.993513000
110.756585000 38.256833000 -9.049404000
111.374141000 38.476171000 -9.090294000
111.941079000 38.675742000 -9.135465000
112.481156000 38.869137000 -9.179365000
112.977741000 39.052499000 -9.214828000
113.540555000 39.257573000 -9.264232000
114.067361000 39.455899000 -9.315383000
114.647227000 39.673504000 -9.365135000
115.263749000 39.910250000 -9.409515000
115.858939000 40.140610000 -9.467158000
116.430383000 40.356322000 -9.513321000
117.018915000 40.593469000 -9.566832000
117.609672000 40.819617000 -9.612551000
118.258263000 41.074272000 -9.671597000
118.819975000 41.311841000 -9.710507000
119.455365000 41.578176000 -9.792014000
120.045033000 41.813978000 -9.831448000
120.632912000 41.960375000 -9.879854000
121.221685000 42.111812000 -9.929157000
121.805493000 42.341478000 -9.976473000
122.382340000 42.585092000 -10.025600000
122.966087000 42.824340000 -10.071252000
123.567165000 43.006981000 -10.129258000
124.143407000 43.275722000 -10.181931000
124.699697000 43.608638000 -10.234306000
125.241659000 43.860820000 -10.270290000
125.774109000 43.931608000 -10.301123000
126.309945000 43.951482000 -10.351360000
126.818333000 44.008956000 -10.404695000
127.351137000 44.092966000 -10.451371000
127.852231000 44.156851000 -10.496825000
128.345299000 44.218889000 -10.536678000
128.819553000 44.304511000 -10.587791000
129.203844000 44.456472000 -10.628549000
129.548558000 44.660057000 -10.640956000
129.850313000 44.871054000 -10.663799000
130.195440000 45.093775000 -10.688180000
130.507241000 45.299080000 -10.718869000
130.875934000 45.498768000 -10.739997000
131.242094000 45.636949000 -10.773563000
131.634382000 45.730558000 -10.809512000
132.031914000 45.778130000 -10.843534000
132.443150000 45.848758000 -10.875965000
132.885603000 45.923676000 -10.911591000
133.327876000 46.028782000 -10.951749000
133.786826000 46.133949000 -10.980643000
134.265519000 46.264316000 -11.024778000
134.747731000 46.393972000 -11.073758000
135.211321000 46.542213000 -11.103422000
135.679994000 46.706916000 -11.133575000
136.177271000 46.871386000 -11.178496000
136.690308000 47.076431000 -11.223158000
137.189369000 47.289222000 -11.258618000
137.747543000 47.522264000 -11.308368000
138.273450000 47.739576000 -11.347399000
138.887652000 47.988974000 -11.393643000
139.461648000 48.221104000 -11.437347000
140.127485000 48.491332000 -11.497333000
140.682381000 48.724745000 -11.541677000
141.377056000 49.006897000 -11.601603000
142.008487000 49.274841000 -11.657565000
142.640669000 49.512577000 -11.708839000
143.270333000 49.658124000 -11.763366000
143.833680000 49.792464000 -11.810785000
144.313866000 49.843490000 -11.850687000
144.802986000 49.954857000 -11.886815000
145.378083000 50.065500000 -11.942764000
145.903240000 50.212034000 -11.988008000
146.441640000 50.344362000 -12.036061000
146.996176000 50.471112000 -12.083976000
147.521058000 50.607761000 -12.132345000
147.995098000 50.772305000 -12.168279000
148.503294000 50.981868000 -12.206387000
148.979571000 51.217162000 -12.245007000
149.491317000 51.453433000 -12.282786000
150.003240000 51.760424000 -12.325390000
150.523378000 52.072245000 -12.370038000
151.145977000 52.339086000 -12.413495000
151.699546000 52.552121000 -12.444127000
152.165698000 52.716110000 -12.482042000
152.708958000 52.910830000 -12.526304000
153.236873000 53.087795000 -12.575101000
153.811530000 53.307742000 -12.630216000
154.363492000 53.504130000 -12.675355000
154.894735000 53.720709000 -12.711346000
155.443928000 53.918260000 -12.752070000
156.000601000 54.121475000 -12.796961000
156.580726000 54.339934000 -12.846159000
157.132107000 54.552800000 -12.889235000
157.718687000 54.778766000 -12.937549000
158.312100000 55.019628000 -12.986064000
158.848918000 55.227656000 -13.034233000
159.465376000 55.467533000 -13.079890000
160.022111000 55.695901000 -13.149063000
160.611289000 55.927455000 -13.184754000
161.198162000 56.160764000 -13.246457000
161.772649000 56.407977000 -13.286940000
162.368886000 56.654080000 -13.320446000
162.954645000 56.901971000 -13.373581000
163.528463000 57.115652000 -13.411265000
164.110045000 57.252599000 -13.463308000
164.694334000 57.383196000 -13.508944000
165.248959000 57.484801000 -13.561510000
165.690683000 57.498284000 -13.612865000
165.921840000 57.515139000 -13.636393000
165.988055000 57.523298000 -13.633264000
165.970042000 57.522784000 -13.623516000
165.947752000 57.541931000 -13.615867000
165.948449000 57.523250000 -13.620261000
165.946093000 57.526886000 -13.627804000
165.930047000 57.525521000 -13.622778000
165.816048000 57.523107000 -13.613361000
165.533772000 57.499844000 -13.593395000
165.119732000 57.480257000 -13.564106000
164.561897000 57.487760000 -13.503301000
163.887284000 57.477238000 -13.409998000
163.330682000 57.402289000 -13.378937000
162.984748000 57.266020000 -13.364824000
162.777308000 57.215229000 -13.364737000
162.730336000 57.196801000 -13.348155000
162.744301000 57.204710000 -13.352113000
162.761910000 57.211598000 -13.342311000
162.755442000 57.210447000 -13.344951000
162.757407000 57.209824000 -13.338550000
162.751256000 57.205173000 -13.340600000
162.756472000 57.206820000 -13.338664000
162.758019000 57.206710000 -13.340351000
162.767248000 57.201621000 -13.339201000
162.756387000 57.201572000 -13.338065000
162.757441000 57.203364000 -13.341068000
162.763134000 57.205212000 -13.340078000
162.750605000 57.191351000 -13.316048000
162.845547000 57.231594000 -13.355738000
163.032908000 57.253163000 -13.359455000
163.332570000 57.319379000 -13.400563000
163.649316000 57.365348000 -13.421969000
164.042632000 57.418895000 -13.456224000
164.410755000 57.430658000 -13.482742000
164.814774000 57.427454000 -13.515932000
165.196594000 57.408123000 -13.554719000
165.594812000 57.380991000 -13.587736000
165.964502000 57.329255000 -13.617903000
166.350247000 57.261399000 -13.651352000
166.705394000 57.182476000 -13.698379000
166.919082000 57.144504000 -13.726451000
166.934587000 57.126792000 -13.724780000
166.891689000 57.136918000 -13.718091000
166.827808000 57.179043000 -13.709604000
166.559401000 57.219114000 -13.686748000
166.214158000 57.286948000 -13.652882000
165.832743000 57.376775000 -13.616129000
165.458088000 57.489136000 -13.572864000
165.042992000 57.562834000 -13.541548000
164.639210000 57.664982000 -13.510160000
164.309043000 57.607653000 -13.495568000
164.206517000 57.538129000 -13.473163000
164.249384000 57.574467000 -13.480274000
164.275544000 57.601889000 -13.470417000
164.295393000 57.592713000 -13.467808000
164.399667000 57.499487000 -13.481314000
164.560166000 57.317737000 -13.502201000
164.708444000 57.075342000 -13.513733000
164.752231000 56.783960000 -13.523966000
164.787421000 56.500741000 -13.536335000
164.847990000 56.408982000 -13.539748000
164.826191000 56.358320000 -13.536992000
164.823029000 56.316265000 -13.539629000
164.875110000 56.328028000 -13.549738000
164.863078000 56.335774000 -13.540827000
164.873086000 56.336045000 -13.544125000
164.851033000 56.329266000 -13.540018000
164.890338000 56.339561000 -13.544070000
164.857675000 56.330687000 -13.538877000
164.838352000 56.330114000 -13.539310000
164.898961000 56.350410000 -13.543713000
164.838597000 56.328824000 -13.537442000
164.888273000 56.346477000 -13.543607000
164.851289000 56.332161000 -13.539487000
164.844947000 56.329733000 -13.539026000
164.845936000 56.331593000 -13.540536000
164.851446000 56.323020000 -13.538257000
164.860698000 56.288195000 -13.536910000
164.884029000 56.234714000 -13.537514000
164.889835000 56.127592000 -13.542970000
164.922746000 56.003156000 -13.544694000
164.973653000 55.827726000 -13.555559000
165.038877000 55.629029000 -13.562918000
165.130474000 55.403443000 -13.581028000
165.250855000 55.196805000 -13.598086000
165.317024000 55.091774000 -13.600086000
165.313377000 55.082774000 -13.599820000
165.331221000 55.063944000 -13.605141000
165.349693000 55.025440000 -13.608278000
165.376701000 54.978114000 -13.605335000
165.416126000 54.912682000 -13.607853000
165.471328000 54.805102000 -13.615911000
165.540364000 54.675026000 -13.626664000
165.631685000 54.511664000 -13.638709000
165.727184000 54.313600000 -13.650240000
165.848914000 54.084978000 -13.661221000
165.988254000 53.818848000 -13.676106000
166.152651000 53.521985000 -13.696707000
166.326287000 53.189652000 -13.714408000
166.513667000 52.824261000 -13.732241000
166.702292000 52.410902000 -13.753908000
166.911866000 51.975072000 -13.772936000
167.146488000 51.499930000 -13.801827000
167.389967000 50.988823000 -13.825230000
167.639096000 50.462821000 -13.859463000
167.855063000 49.877005000 -13.894246000
168.046788000 49.275649000 -13.919068000
168.312494000 48.694299000 -13.961314000
168.584220000 48.088012000 -13.993878000
168.821226000 47.455463000 -14.015376000
169.033575000 46.833424000 -14.043746000
169.230514000 46.267979000 -14.071985000
169.494916000 45.826355000 -14.103560000
169.770702000 45.496927000 -14.122397000
170.090761000 45.214700000 -14.150983000
170.405846000 44.930053000 -14.186589000
170.753113000 44.641845000 -14.219141000
171.060753000 44.380185000 -14.244588000
171.426779000 44.097566000 -14.287757000
171.799900000 43.819938000 -14.331363000
172.170346000 43.549133000 -14.363768000
172.559715000 43.286688000 -14.397951000
172.947606000 43.041323000 -14.428642000
173.389413000 42.778149000 -14.465559000
173.853241000 42.541598000 -14.506474000
174.351457000 42.277154000 -14.545769000
174.850430000 42.003964000 -14.591895000
175.345433000 41.724330000 -14.636273000
175.872775000 41.438856000 -14.682202000
176.387992000 41.148314000 -14.723686000
176.953845000 40.832661000 -14.772718000
177.508688000 40.517207000 -14.818392000
178.057891000 40.214818000 -14.860329000
178.645283000 39.884457000 -14.899070000
179.182458000 39.590478000 -14.932414000
179.752103000 39.269315000 -14.975021000
180.324920000 38.946029000 -15.016250000
180.895792000 38.634375000 -15.058193000
181.486722000 38.298619000 -15.104565000
182.052820000 37.975461000 -15.155296000
182.620065000 37.644805000 -15.200707000
183.162613000 37.342887000 -15.240230000
183.697507000 37.040789000 -15.286691000
184.305697000 36.693339000 -15.342194000
184.915461000 36.344631000 -15.392650000
185.496788000 36.016794000 -15.433372000
186.038253000 35.710296000 -15.464916000
186.577327000 35.404885000 -15.494055000
187.077924000 35.129867000 -15.528519000
187.620751000 34.825098000 -15.572149000
188.120273000 34.541510000 -15.608425000
188.650928000 34.231744000 -15.653731000
189.159365000 33.962547000 -15.684068000
189.590289000 33.700202000 -15.710855000
190.060392000 33.370865000 -15.739318000
190.425498000 33.074387000 -15.766045000
190.906153000 32.724234000 -15.804845000
191.380091000 32.384983000 -15.847869000
191.851591000 32.041172000 -15.885074000
192.301742000 31.711466000 -15.926760000
192.751949000 31.382853000 -15.964649000
193.180366000 31.060898000 -15.996948000
193.566135000 30.772258000 -16.026747000
194.003847000 30.468591000 -16.059467000
194.464596000 30.182738000 -16.090459000
194.889236000 29.931823000 -16.129175000
195.341153000 29.659822000 -16.163253000
195.766855000 29.400711000 -16.198119000
196.175562000 29.156004000 -16.234407000
196.605942000 28.894581000 -16.265618000
197.009256000 28.644747000 -16.300341000
197.384210000 28.421928000 -16.338967000
197.801564000 28.190544000 -16.376787000
198.247725000 27.963201000 -16.407227000
198.648175000 27.761421000 -16.436007000
199.176584000 27.491748000 -16.477653000
199.544058000 27.317458000 -16.507676000
200.061806000 27.056080000 -16.532922000
200.600136000 26.786912000 -16.580409000
201.131777000 26.526260000 -16.631090000
201.717754000 26.196219000 -16.665142000
202.178507000 25.868409000 -16.702516000
202.747139000 25.462792000 -16.758492000
203.300627000 25.067225000 -16.806405000
203.823351000 24.679641000 -16.850305000
204.381729000 24.298373000 -16.891682000
204.962383000 23.969438000 -16.939536000
205.583692000 23.642958000 -16.980114000
206.184044000 23.311918000 -17.027410000
206.761836000 22.974830000 -17.062854000
207.377858000 22.619895000 -17.117069000
207.944753000 22.293500000 -17.152947000
208.404656000 22.031976000 -17.186886000
208.907049000 21.745436000 -17.231223000
209.390934000 21.471456000 -17.260392000
209.801294000 21.245697000 -17.281011000
210.206857000 21.018608000 -17.313632000
210.610126000 20.796778000 -17.342096000
211.042019000 20.551792000 -17.378596000
211.470255000 20.250070000 -17.414532000
211.888079000 19.966273000 -17.447171000
212.263557000 19.718208000 -17.474564000
212.648053000 19.452617000 -17.501050000
213.045117000 19.194757000 -17.525766000
213.530603000 18.870671000 -17.558981000
213.924294000 18.596498000 -17.584376000
214.360946000 18.303170000 -17.617319000
214.785558000 18.053071000 -17.650355000
215.332838000 17.713093000 -17.651696000
215.677830000 17.415809000 -17.727744000
216.065210000 17.194746000 -17.764494000
216.547867000 16.936139000 -17.812273000
216.976860000 16.603295000 -17.859370000
217.456004000 16.280465000 -17.890815000
217.931229000 15.995933000 -17.916477000
218.360405000 15.747923000 -17.952156000
218.857888000 15.452030000 -17.983540000
219.368130000 15.153490000 -18.016055000
219.853813000 14.866970000 -18.052863000
220.307842000 14.594774000 -18.082006000
220.733142000 14.345791000 -18.114093000
221.225694000 14.054436000 -18.145669000
221.701903000 13.774269000 -18.191395000
222.179510000 13.494852000 -18.232665000
222.650980000 13.215615000 -18.270168000
223.122709000 12.944830000 -18.307155000
223.599513000 12.661090000 -18.348878000
224.071439000 12.385584000 -18.387735000
224.517685000 12.121048000 -18.412445000
224.983354000 11.846721000 -18.440355000
225.440811000 11.572596000 -18.469546000
225.981388000 11.248301000 -18.510523000
226.520007000 10.929540000 -18.557695000
227.005924000 10.633587000 -18.602244000
227.485944000 10.344751000 -18.635814000
228.055799000 10.002692000 -18.679006000
228.578052000 9.682476000 -18.715733000
229.010408000 9.416147000 -18.738359000
229.414288000 9.174101000 -18.764469000
229.890134000 8.879435000 -18.796859000
230.352096000 8.590747000 -18.830806000
230.786452000 8.350268000 -18.863069000
231.265070000 8.149303000 -18.917002000
231.790955000 7.954168000 -18.962266000
232.290740000 7.748271000 -19.020188000
232.774908000 7.522591000 -19.048323000
233.199988000 7.254314000 -19.078990000
233.563609000 6.933689000 -19.102090000
233.831259000 6.685495000 -19.124564000
234.099550000 6.410662000 -19.149096000
234.328426000 6.164782000 -19.174044000
234.668195000 5.875889000 -19.201216000
235.024755000 5.611020000 -19.224321000
235.390283000 5.333648000 -19.247489000
235.768934000 5.068411000 -19.270792000
236.179814000 4.793672000 -19.298140000
236.621382000 4.515352000 -19.327936000
237.066467000 4.255170000 -19.361542000
237.492748000 4.022876000 -19.388175000
237.933554000 3.790733000 -19.416584000
238.415816000 3.531218000 -19.448104000
238.902785000 3.264283000 -19.473927000
239.392574000 3.005010000 -19.503493000
239.889006000 2.739182000 -19.540293000
240.383162000 2.468881000 -19.570728000
240.892987000 2.194602000 -19.600964000
241.465421000 1.877540000 -19.642220000
242.003235000 1.583315000 -19.675398000
242.482244000 1.327116000 -19.697248000
243.033763000 1.023428000 -19.737213000
243.512980000 0.765688000 -19.773548000
243.908723000 0.561035000 -19.799855000
244.257944000 0.375828000 -19.836450000
244.358263000 0.335712000 -19.866252000
244.355717000 0.322792000 -19.881811000
244.351243000 0.337840000 -19.890407000
244.337786000 0.341361000 -19.901934000
244.350973000 0.329377000 -19.910587000
244.358637000 0.329282000 -19.916537000
244.365384000 0.321717000 -19.917985000
244.378230000 0.311334000 -19.920377000
244.388422000 0.306953000 -19.922319000
244.403228000 0.292300000 -19.924412000
244.409018000 0.290670000 -19.926842000
244.420682000 0.280632000 -19.928104000
244.429250000 0.275704000 -19.930784000
244.436017000 0.273913000 -19.932749000
244.441953000 0.268310000 -19.934548000
244.445401000 0.268302000 -19.936280000
244.451570000 0.264508000 -19.937555000
244.461283000 0.256014000 -19.938328000
244.460842000 0.259135000 -19.939693000
244.463940000 0.257747000 -19.940473000
244.467779000 0.253059000 -19.941383000
244.471507000 0.254659000 -19.941365000
244.476323000 0.252717000 -19.942646000
244.483146000 0.244890000 -19.943701000
244.488193000 0.250159000 -19.943838000
244.492702000 0.237546000 -19.943741000
244.491369000 0.239544000 -19.944260000
244.491698000 0.240536000 -19.943828000
244.496319000 0.238304000 -19.944407000
244.496671000 0.238064000 -19.945686000
244.499793000 0.240837000 -19.947736000
244.504564000 0.235448000 -19.948267000
244.444724000 0.285086000 -19.938197000
244.279515000 0.427208000 -19.937939000
243.998305000 0.523247000 -19.933167000
243.686074000 0.558055000 -19.911670000
243.500137000 0.584566000 -19.893328000
243.466670000 0.583875000 -19.886881000
243.468463000 0.587340000 -19.888626000
243.470805000 0.578276000 -19.886379000
243.468410000 0.585897000 -19.885976000
243.472797000 0.579884000 -19.886459000
243.477087000 0.570897000 -19.887853000
243.480558000 0.568469000 -19.888358000
243.484883000 0.569982000 -19.888528000
243.487146000 0.567401000 -19.886816000
243.485001000 0.571808000 -19.884378000
243.486259000 0.574365000 -19.888262000
243.484342000 0.581331000 -19.886557000
243.406934000 0.623222000 -19.879924000
243.198881000 0.683526000 -19.875417000
242.987723000 0.694983000 -19.847475000
242.890355000 0.649805000 -19.837666000
242.885339000 0.644164000 -19.828934000
242.894520000 0.646770000 -19.827802000
242.884350000 0.653219000 -19.826177000
242.878271000 0.652771000 -19.825531000
242.877360000 0.654165000 -19.828348000
242.877182000 0.668547000 -19.831514000
242.820848000 0.664413000 -19.828202000
242.590259000 0.651019000 -19.822734000
242.298006000 0.577319000 -19.786929000
242.075773000 0.482969000 -19.766122000
242.110351000 0.572231000 -19.780899000
242.110138000 0.598994000 -19.769451000
242.090898000 0.585791000 -19.776016000
242.108652000 0.574795000 -19.776239000
242.083816000 0.578745000 -19.778534000
242.108181000 0.578307000 -19.780343000
242.100283000 0.580820000 -19.775972000
242.164695000 0.645430000 -19.778153000
242.244588000 0.794610000 -19.783295000
242.289864000 0.973815000 -19.776436000
242.337391000 1.077591000 -19.774544000
242.343310000 1.080582000 -19.782387000
242.327578000 1.071124000 -19.780780000
242.321542000 1.063709000 -19.780474000
242.324087000 1.066132000 -19.782894000
242.324670000 1.065557000 -19.780036000
242.320975000 1.065332000 -19.778015000
242.307096000 1.052821000 -19.777856000
242.252647000 0.962552000 -19.771020000
242.133985000 0.753685000 -19.760484000
242.073797000 0.543785000 -19.748983000
242.090574000 0.544818000 -19.783390000
242.081647000 0.580414000 -19.764717000
242.069864000 0.572833000 -19.762751000
242.069413000 0.562815000 -19.766356000
242.071371000 0.570294000 -19.766784000
242.070489000 0.601391000 -19.763557000
242.097342000 0.716381000 -19.769720000
242.071163000 0.944167000 -19.773295000
242.014710000 1.235963000 -19.771372000
241.886786000 1.509741000 -19.754679000
241.802702000 1.681658000 -19.745888000
241.786171000 1.714283000 -19.745800000
241.800768000 1.692294000 -19.742737000
241.813093000 1.681334000 -19.745807000
241.809702000 1.676740000 -19.755924000
241.733564000 1.764514000 -19.752482000
241.623296000 1.907891000 -19.734768000
241.562069000 2.000534000 -19.722534000
241.557018000 2.014096000 -19.716365000
241.566948000 2.005306000 -19.711614000
241.557879000 2.006160000 -19.726964000
241.468586000 2.098275000 -19.724930000
241.301185000 2.218817000 -19.702686000
241.173565000 2.347411000 -19.680075000
241.142693000 2.378552000 -19.675566000
241.152726000 2.375589000 -19.671682000
241.165711000 2.360271000 -19.671865000
241.171029000 2.353136000 -19.672590000
241.172467000 2.354421000 -19.672362000
241.172816000 2.358996000 -19.670107000
241.173891000 2.352207000 -19.668047000
241.176858000 2.352937000 -19.667495000
241.174773000 2.354537000 -19.665859000
241.149626000 2.374019000 -19.662576000
241.103193000 2.422290000 -19.659384000
241.027350000 2.496825000 -19.653923000
240.918931000 2.596830000 -19.645576000
240.786641000 2.722427000 -19.635884000
240.605166000 2.863815000 -19.628818000
240.380242000 3.017227000 -19.615379000
240.115475000 3.182559000 -19.596242000
239.798450000 3.336709000 -19.575998000
239.434103000 3.477857000 -19.546698000
239.054317000 3.660726000 -19.519085000
238.647807000 3.862242000 -19.490546000
238.217217000 4.085346000 -19.461660000
237.763601000 4.300243000 -19.424938000
237.274324000 4.552395000 -19.392366000
236.788974000 4.795120000 -19.358108000
236.287341000 5.046853000 -19.318180000
235.774234000 5.306782000 -19.274473000
235.243511000 5.562098000 -19.229585000
234.689878000 5.767019000 -19.193053000
234.154860000 5.996282000 -19.166542000
233.749557000 6.260911000 -19.140787000
233.483964000 6.544436000 -19.131707000
233.293590000 6.840715000 -19.117391000
233.106278000 7.131941000 -19.102331000
232.868827000 7.374291000 -19.081869000
232.573520000 7.572493000 -19.056333000
232.335125000 7.714094000 -19.035171000
232.020907000 7.909682000 -19.005037000
231.717227000 8.086380000 -18.979521000
231.397503000 8.273503000 -18.952984000
231.064152000 8.449198000 -18.929343000
230.717699000 8.639591000 -18.899372000
230.343330000 8.851645000 -18.872161000
229.945481000 9.075627000 -18.837630000
229.525954000 9.319097000 -18.799867000
229.089360000 9.572449000 -18.764449000
228.651591000 9.832273000 -18.733902000
228.189534000 10.113593000 -18.699640000
227.708206000 10.395535000 -18.669310000
227.237435000 10.667925000 -18.632425000
226.726931000 10.910900000 -18.595358000
226.194808000 11.166078000 -18.560078000
225.642942000 11.443709000 -18.518961000
225.099968000 11.703157000 -18.473195000
224.554850000 11.971400000 -18.437981000
223.998111000 12.245268000 -18.399463000
223.449810000 12.511681000 -18.353169000
222.838894000 12.828263000 -18.303357000
222.287286000 13.192424000 -18.259576000
221.802230000 13.586323000 -18.217713000
221.287876000 13.961130000 -18.178719000
220.790574000 14.332119000 -18.141057000
220.264939000 14.717104000 -18.107182000
219.724790000 15.093764000 -18.072383000
219.158628000 15.444716000 -18.029476000
218.575707000 15.777059000 -17.985177000
218.014113000 16.097951000 -17.943188000
217.471698000 16.403929000 -17.898892000
216.921124000 16.725378000 -17.856094000
216.392395000 17.039616000 -17.809549000
215.907830000 17.352427000 -17.763375000
215.422027000 17.636184000 -17.731286000
214.947081000 17.888731000 -17.675118000
214.450087000 18.111641000 -17.622699000
213.966062000 18.341858000 -17.634192000
213.484513000 18.567834000 -17.586946000
213.022249000 18.844528000 -17.555584000
212.583830000 19.138933000 -17.531737000
212.132995000 19.435361000 -17.506411000
211.695130000 19.723763000 -17.465783000
211.163364000 20.064347000 -17.410536000
210.741836000 20.332903000 -17.371564000
210.250460000 20.651465000 -17.329666000
209.756088000 20.970270000 -17.281775000
209.276337000 21.282330000 -17.249147000
208.840396000 21.564074000 -17.219857000
208.298590000 21.915834000 -17.172918000
207.745383000 22.270082000 -17.135228000
207.253369000 22.591262000 -17.093382000
206.650523000 22.977433000 -17.044279000
205.935724000 23.417962000 -17.007820000
205.345702000 23.763359000 -16.960393000
204.706203000 24.125126000 -16.919360000
204.049424000 24.509008000 -16.880896000
203.482490000 24.842595000 -16.864578000
202.943851000 25.165784000 -16.823502000
202.449154000 25.463314000 -16.776436000
202.098302000 25.672597000 -16.734107000
201.706601000 25.907647000 -16.702537000
201.344066000 26.127185000 -16.675841000
201.054207000 26.302028000 -16.662912000
200.661014000 26.545558000 -16.639774000
200.184568000 26.838938000 -16.604219000
199.784589000 27.089131000 -16.563604000
199.312386000 27.384848000 -16.521248000
198.784072000 27.718992000 -16.468585000
198.195479000 28.089485000 -16.414652000
197.617007000 28.454190000 -16.353449000
196.798517000 28.967289000 -16.280348000
196.189209000 29.358676000 -16.213871000
195.597644000 29.738116000 -16.157090000
195.035446000 30.103507000 -16.110122000
194.507754000 30.440950000 -16.067550000
193.974662000 30.786347000 -16.029006000
193.470841000 31.111150000 -16.006186000
192.941574000 31.447937000 -15.973106000
192.417459000 31.783706000 -15.932258000
191.814947000 32.168006000 -15.888587000
191.336301000 32.468906000 -15.848604000
190.865936000 32.752504000 -15.812277000
190.329935000 33.038043000 -15.774614000
189.801439000 33.326242000 -15.740415000
189.400500000 33.541108000 -15.714853000
189.048542000 33.726335000 -15.691070000
188.561021000 33.989209000 -15.664819000
188.161594000 34.196946000 -15.630109000
187.771708000 34.395455000 -15.600976000
187.351413000 34.611894000 -15.575248000
186.938327000 34.820715000 -15.546444000
186.503246000 35.050083000 -15.512599000
186.014051000 35.295149000 -15.487072000
185.543038000 35.565341000 -15.456019000
185.110365000 35.849122000 -15.421715000
184.691489000 36.165137000 -15.388786000
184.238963000 36.508871000 -15.347224000
183.764853000 36.869072000 -15.307048000
183.378518000 37.149226000 -15.277542000
182.911722000 37.433315000 -15.240731000
182.307781000 37.778947000 -15.188853000
181.736572000 38.110349000 -15.148534000
181.150549000 38.448485000 -15.113197000
180.573990000 38.775922000 -15.072668000
180.032933000 39.080037000 -15.035802000
179.556597000 39.348368000 -15.005047000
179.045934000 39.635983000 -14.965896000
178.547850000 39.915312000 -14.928743000
178.019733000 40.212521000 -14.888755000
177.517965000 40.492194000 -14.851711000
177.101369000 40.715241000 -14.816062000
176.547578000 41.025378000 -14.769702000
176.034079000 41.304005000 -14.720697000
175.531502000 41.589304000 -14.677635000
175.058319000 41.908165000 -14.639266000
174.602546000 42.253085000 -14.601304000
174.104729000 42.627482000 -14.562220000
173.633819000 42.972272000 -14.519496000
173.071889000 43.376681000 -14.466636000
172.599786000 43.703052000 -14.421634000
172.129965000 44.001990000 -14.374945000
171.622997000 44.302407000 -14.328066000
171.088508000 44.625367000 -14.269212000
170.689668000 44.851020000 -14.222161000
170.230407000 45.135838000 -14.189874000
169.927754000 45.416781000 -14.149597000
169.659320000 45.734942000 -14.122861000
169.423271000 46.064611000 -14.101535000
169.223348000 46.433324000 -14.083622000
169.015593000 46.795824000 -14.044811000
168.844674000 47.167349000 -14.022236000
168.653461000 47.580214000 -14.001127000
168.469241000 47.982029000 -13.976238000
168.254652000 48.427191000 -13.953914000
168.045787000 48.880403000 -13.920566000
167.801858000 49.366773000 -13.896039000
167.579228000 49.842062000 -13.864187000
167.326480000 50.359449000 -13.829343000
167.060556000 50.896070000 -13.803659000
166.804795000 51.428320000 -13.777588000
166.545947000 51.960396000 -13.745795000
166.346680000 52.528571000 -13.734935000
166.256127000 53.088196000 -13.721218000
166.230299000 53.631887000 -13.706562000
166.180099000 54.179536000 -13.693340000
166.138575000 54.721180000 -13.682857000
166.044811000 55.242543000 -13.670782000
165.907121000 55.662399000 -13.663448000
165.868068000 55.871572000 -13.663919000
165.854395000 55.903745000 -13.646702000
165.862968000 55.889863000 -13.641521000
165.868400000 55.874384000 -13.628599000
165.868472000 55.876166000 -13.633456000
165.863801000 55.875358000 -13.641980000
165.868141000 55.877051000 -13.638480000
165.853745000 55.877034000 -13.642653000
165.868813000 55.879162000 -13.630645000
165.823086000 56.020856000 -13.638733000
165.737008000 56.307637000 -13.619394000
165.595423000 56.711680000 -13.598534000
165.366123000 57.243731000 -13.573102000
165.104456000 57.860126000 -13.529451000
165.052906000 57.836326000 -13.517295000
165.089025000 57.706883000 -13.545712000
165.114216000 57.632844000 -13.549881000
165.126190000 57.623350000 -13.543111000
165.112980000 57.619725000 -13.544068000
165.108605000 57.628734000 -13.542364000
165.106447000 57.622798000 -13.555051000
165.138935000 57.504210000 -13.556874000
165.229434000 57.259219000 -13.557452000
165.351765000 56.890924000 -13.571995000
165.471361000 56.530801000 -13.589062000
165.536201000 56.337153000 -13.605575000
165.550650000 56.321255000 -13.607708000
165.543230000 56.314296000 -13.598334000
165.533962000 56.315214000 -13.592158000
165.534327000 56.335594000 -13.596373000
165.536237000 56.334797000 -13.596629000
165.535579000 56.316455000 -13.595516000
165.540024000 56.324069000 -13.599114000
165.538357000 56.321405000 -13.599413000
165.536601000 56.327567000 -13.597046000
165.537700000 56.318230000 -13.601795000
165.536791000 56.326139000 -13.601701000
165.547632000 56.319927000 -13.601947000
165.513744000 56.378625000 -13.594199000
165.428119000 56.530196000 -13.591060000
165.247884000 56.729959000 -13.580704000
164.984580000 56.922878000 -13.552042000
164.657641000 57.045693000 -13.516904000
164.297451000 57.067025000 -13.483967000
163.938502000 56.997338000 -13.456187000
163.598035000 56.811149000 -13.428798000
163.343553000 56.549608000 -13.419352000
163.176117000 56.246430000 -13.398887000
163.084134000 56.139262000 -13.398925000
163.108736000 56.179013000 -13.396869000
163.141705000 56.229538000 -13.395079000
163.139931000 56.225477000 -13.395300000
163.109865000 56.189067000 -13.394386000
163.098828000 56.195314000 -13.371272000
163.122252000 56.194317000 -13.392886000
163.128995000 56.215170000 -13.397173000
163.133886000 56.236717000 -13.379781000
163.130628000 56.213269000 -13.394543000
163.136448000 56.221416000 -13.392006000
163.143013000 56.223000000 -13.396861000
163.139782000 56.218979000 -13.393682000
163.139772000 56.217469000 -13.392358000
163.139750000 56.217160000 -13.391035000
163.145832000 56.218933000 -13.386613000
163.144615000 56.214116000 -13.391174000
163.147248000 56.212733000 -13.384578000
163.141318000 56.212439000 -13.387687000
163.138510000 56.207519000 -13.391373000
163.150290000 56.213954000 -13.394395000
163.151790000 56.216247000 -13.393110000
163.158868000 56.214546000 -13.394363000
163.147791000 56.212776000 -13.398132000
163.173941000 56.234361000 -13.406015000
163.186596000 56.276318000 -13.398497000
163.220519000 56.345118000 -13.403160000
163.258607000 56.386863000 -13.408949000
163.265707000 56.385276000 -13.405820000
163.247824000 56.370989000 -13.412184000
163.261449000 56.412114000 -13.416096000
163.254845000 56.565124000 -13.408434000
163.379839000 56.807702000 -13.414004000
163.511542000 56.964961000 -13.420029000
163.603399000 57.004372000 -13.431985000
163.593291000 57.010649000 -13.425482000
163.587091000 57.000659000 -13.433603000
163.566170000 57.010053000 -13.422313000
163.562184000 57.003351000 -13.427331000
163.555614000 57.006976000 -13.422044000
163.561010000 57.005687000 -13.422891000
163.563272000 57.006258000 -13.428462000
163.559168000 56.999388000 -13.426443000
163.538599000 56.969290000 -13.423912000
163.486229000 56.930273000 -13.417276000
163.430114000 56.871071000 -13.415365000
163.363752000 56.801746000 -13.414926000
163.234745000 56.705148000 -13.398858000
163.084258000 56.587557000 -13.391615000
162.920389000 56.455708000 -13.379647000
162.713474000 56.319499000 -13.352682000
162.478948000 56.142446000 -13.347978000
162.227871000 55.980018000 -13.332186000
161.934115000 55.816919000 -13.298976000
161.610841000 55.673690000 -13.259856000
161.253146000 55.530818000 -13.245792000
160.870792000 55.398581000 -13.216302000
160.444867000 55.251013000 -13.180931000
159.987152000 55.109686000 -13.142664000
159.522285000 54.940003000 -13.102551000
159.037832000 54.783489000 -13.059767000
158.527712000 54.627346000 -13.008796000
158.002940000 54.532506000 -12.962548000
157.453736000 54.410526000 -12.923273000
156.892554000 54.290509000 -12.878757000
156.317643000 54.145099000 -12.829550000
155.744063000 53.988580000 -12.783998000
155.160558000 53.794693000 -12.735979000
154.562805000 53.564482000 -12.687738000
153.981841000 53.344679000 -12.644406000
153.336503000 53.096613000 -12.587419000
152.685082000 52.836024000 -12.525624000
152.014579000 52.616484000 -12.472113000
151.315961000 52.437679000 -12.416374000
150.684033000 52.250119000 -12.368939000
150.087281000 52.007356000 -12.328972000
149.551271000 51.714857000 -12.292934000
148.992683000 51.393600000 -12.256535000
148.461827000 51.077427000 -12.217082000
147.950848000 50.771404000 -12.176004000
147.486502000 50.538770000 -12.131997000
147.032004000 50.365575000 -12.089794000
146.625387000 50.261417000 -12.047625000
146.209088000 50.140285000 -12.007260000
145.820412000 50.029773000 -11.976038000
145.413409000 49.902948000 -11.940299000
145.056266000 49.793759000 -11.905292000
144.734209000 49.698663000 -11.886920000
144.360482000 49.567092000 -11.856156000
143.953453000 49.433947000 -11.829281000
143.559545000 49.296630000 -11.801617000
143.110280000 49.142418000 -11.780981000
142.669355000 48.976097000 -11.738238000
142.217905000 48.804090000 -11.691231000
141.683192000 48.604524000 -11.643956000
141.179639000 48.402065000 -11.593231000
140.624921000 48.210298000 -11.549429000
140.089845000 48.083862000 -11.502463000
139.552813000 47.976750000 -11.455374000
139.002443000 47.869887000 -11.410524000
138.429376000 47.733445000 -11.370241000
137.839742000 47.600470000 -11.321257000
137.181076000 47.430818000 -11.264857000
136.508340000 47.261877000 -11.210399000
135.914644000 47.077279000 -11.158824000
135.400345000 46.883000000 -11.106898000
134.858037000 46.702606000 -11.059775000
134.253491000 46.470116000 -11.016035000
133.567888000 46.123616000 -10.963436000
133.053614000 45.913570000 -10.923278000
132.531057000 45.785401000 -10.885969000
132.155435000 45.694299000 -10.868708000
131.624992000 45.586151000 -10.840024000
131.177493000 45.504552000 -10.786110000
130.670744000 45.400095000 -10.741623000
130.249420000 45.310540000 -10.688642000
129.721474000 45.192861000 -10.663423000
129.262998000 45.044553000 -10.626419000
128.816069000 44.876929000 -10.590364000
128.337562000 44.728682000 -10.549324000
127.884960000 44.559807000 -10.492050000
127.389620000 44.400227000 -10.463215000
126.870205000 44.229130000 -10.416545000
126.362333000 44.052933000 -10.368839000
125.837675000 43.860765000 -10.335675000
125.303873000 43.627555000 -10.287731000
124.742693000 43.428061000 -10.244252000
124.175922000 43.269300000 -10.192764000
123.584832000 43.136804000 -10.151670000
122.997119000 42.990148000 -10.087733000
122.433912000 42.817399000 -10.042355000
121.882369000 42.635930000 -9.996019000
121.360102000 42.418813000 -9.945418000
120.842133000 42.170140000 -9.908322000
120.329060000 41.903922000 -9.879262000
119.843241000 41.619020000 -9.831282000
119.270967000 41.345117000 -9.781703000
118.705951000 41.128008000 -9.742456000
118.126777000 40.918396000 -9.676803000
117.568370000 40.706780000 -9.631140000
116.982819000 40.480895000 -9.583199000
116.351437000 40.243824000 -9.528183000
115.721749000 40.003117000 -9.467171000
115.135636000 39.772199000 -9.417424000
114.572456000 39.541042000 -9.374297000
113.986363000 39.299072000 -9.319033000
113.336073000 39.059972000 -9.272303000
112.662370000 38.894247000 -9.215411000
112.019449000 38.808757000 -9.163903000
111.367875000 38.696989000 -9.105021000
110.804983000 38.499050000 -9.063460000
110.280010000 38.205701000 -9.029854000
109.863922000 37.979380000 -8.984619000
109.392961000 37.788391000 -8.947714000
108.902972000 37.646947000 -8.904047000
108.484800000 37.494380000 -8.868328000
108.029092000 37.325012000 -8.833848000
107.549322000 37.155092000 -8.796104000
107.040508000 36.964205000 -8.754400000
106.489897000 36.753168000 -8.703280000
105.907484000 36.526099000 -8.650102000
105.391453000 36.319892000 -8.599835000
104.789408000 36.078080000 -8.548655000
104.240464000 35.851740000 -8.500595000
103.692884000 35.619824000 -8.454627000
103.128553000 35.403277000 -8.407904000
102.506495000 35.272776000 -8.355735000
101.919633000 35.164165000 -8.305902000
101.308798000 35.011589000 -8.259254000
100.662642000 34.830669000 -8.203890000
100.101782000 34.630855000 -8.150946000
99.497720000 34.432300000 -8.101839000
98.946518000 34.243831000 -8.052298000
98.324905000 34.027607000 -7.992732000
97.732901000 33.817400000 -7.941257000
97.075405000 33.579037000 -7.880639000
96.546542000 33.395097000 -7.826896000
95.884974000 33.155744000 -7.768174000
95.213812000 32.911686000 -7.716373000
94.582575000 32.674779000 -7.668474000
93.991186000 32.447296000 -7.619667000
93.351070000 32.207549000 -7.565875000
92.706341000 31.959001000 -7.530454000
92.060490000 31.700741000 -7.489499000
91.341436000 31.419537000 -7.430270000
90.645130000 31.137716000 -7.379757000
89.997551000 30.864853000 -7.320291000
89.412060000 30.640571000 -7.266443000
88.789290000 30.477897000 -7.205313000
88.148544000 30.410467000 -7.144106000
87.415396000 30.336327000 -7.085494000
86.844648000 30.297733000 -7.056279000
86.318795000 30.120795000 -7.020049000
85.940835000 29.957265000 -6.975344000
85.494404000 29.734533000 -6.934532000
84.995775000 29.527799000 -6.891230000
84.578641000 29.331404000 -6.867730000
84.185851000 29.174986000 -6.833468000
83.765510000 29.041328000 -6.790067000
83.383728000 28.938609000 -6.763761000
82.860961000 28.816296000 -6.717696000
82.377259000 28.653823000 -6.672479000
81.964605000 28.463746000 -6.640825000
81.504309000 28.189927000 -6.599112000
81.144328000 27.937994000 -6.569505000
80.668399000 27.630860000 -6.524625000
80.281681000 27.412164000 -6.495281000
79.879535000 27.152321000 -6.464276000
79.533502000 26.921999000 -6.439906000
79.173907000 26.762859000 -6.405935000
78.811435000 26.637980000 -6.364622000
78.452443000 26.544755000 -6.354325000
78.089290000 26.442119000 -6.320325000
77.723614000 26.340270000 -6.286751000
77.312774000 26.212691000 -6.245187000
76.897650000 26.079977000 -6.205073000
76.428649000 25.931085000 -6.162689000
75.951257000 25.781245000 -6.130580000
75.470051000 25.633563000 -6.092622000
75.018694000 25.537377000 -6.051714000
74.513285000 25.475776000 -6.002305000
74.011607000 25.445182000 -5.957524000
73.496861000 25.397662000 -5.917718000
72.966141000 25.304687000 -5.874154000
72.469266000 25.193556000 -5.833392000
71.964234000 25.048152000 -5.806444000
71.421500000 24.920105000 -5.752080000
70.882036000 24.738007000 -5.704367000
70.315470000 24.508043000 -5.659033000
69.812982000 24.304459000 -5.619638000
69.173100000 24.054338000 -5.562938000
68.609680000 23.826758000 -5.507288000
67.989915000 23.578067000 -5.450851000
67.417028000 23.341259000 -5.398997000
66.848857000 23.103873000 -5.341398000
66.308508000 22.873607000 -5.294183000
65.766679000 22.631149000 -5.246334000
65.169647000 22.391451000 -5.188616000
64.557037000 22.208054000 -5.140558000
63.944656000 22.075244000 -5.109392000
63.388093000 21.964391000 -5.069426000
62.765747000 21.803705000 -5.011254000
62.150649000 21.610344000 -4.958587000
61.548822000 21.388821000 -4.902876000
60.941371000 21.172627000 -4.848208000
60.414257000 20.983053000 -4.800418000
59.800226000 20.752678000 -4.746588000
59.166718000 20.518697000 -4.698676000
58.572961000 20.290762000 -4.649305000
57.971626000 20.051336000 -4.595269000
57.347700000 19.803633000 -4.541129000
56.755861000 19.560139000 -4.491949000
56.046950000 19.277123000 -4.436961000
55.311445000 18.951234000 -4.377822000
54.659066000 18.732286000 -4.321611000
53.991675000 18.546628000 -4.262854000
53.313327000 18.410307000 -4.195889000
52.584885000 18.254809000 -4.135646000
51.938203000 18.054284000 -4.085746000
51.308781000 17.817122000 -4.027558000
50.687536000 17.565998000 -3.974683000
49.958156000 17.292985000 -3.921167000
49.282701000 17.029806000 -3.867117000
48.644219000 16.773261000 -3.827314000
48.055749000 16.543508000 -3.761907000
47.405073000 16.275128000 -3.689632000
46.815922000 16.039568000 -3.643357000
46.204995000 15.787650000 -3.604397000
45.565488000 15.516707000 -3.528409000
44.873151000 15.248465000 -3.496116000
44.131556000 15.055065000 -3.441299000
43.422955000 14.963915000 -3.374464000
42.726298000 14.902761000 -3.316086000
42.092467000 14.777823000 -3.263143000
41.554341000 14.627001000 -3.218574000
41.102576000 14.473759000 -3.188411000
40.584355000 14.276821000 -3.152251000
40.062380000 14.047800000 -3.115827000
39.589904000 13.849129000 -3.074759000
39.075168000 13.644414000 -3.035841000
38.559438000 13.437866000 -2.997478000
38.017632000 13.219805000 -2.957787000
37.487549000 13.014219000 -2.930100000
36.994437000 12.804300000 -2.895342000
36.530914000 12.609244000 -2.862717000
35.986976000 12.376135000 -2.832647000
35.443185000 12.144952000 -2.793626000
34.913731000 11.914734000 -2.749360000
34.321228000 11.670388000 -2.707458000
33.854324000 11.550343000 -2.665544000
33.282114000 11.458685000 -2.620407000
32.681608000 11.340011000 -2.573957000
32.045893000 11.170983000 -2.522267000
31.378638000 10.957078000 -2.471492000
30.782621000 10.718257000 -2.418731000
30.149608000 10.462554000 -2.377042000
29.472504000 10.207641000 -2.336048000
28.854045000 9.953549000 -2.288154000
28.202335000 9.684866000 -2.247440000
27.509675000 9.408715000 -2.195360000
26.811072000 9.112343000 -2.147187000
26.214393000 8.871278000 -2.096703000
25.498878000 8.666342000 -2.035741000
24.792687000 8.537489000 -1.980988000
24.133939000 8.431652000 -1.938430000
23.455425000 8.301813000 -1.886128000
22.828568000 8.140955000 -1.835773000
22.236430000 7.950881000 -1.789939000
21.612617000 7.709634000 -1.743753000
21.015771000 7.452325000 -1.700246000
20.429484000 7.194325000 -1.654472000
19.851114000 6.921055000 -1.608058000
19.267195000 6.649635000 -1.560333000
18.718756000 6.413304000 -1.519738000
18.199482000 6.196830000 -1.481482000
17.696303000 6.036620000 -1.438256000
17.225592000 5.898747000 -1.399329000
16.786585000 5.782662000 -1.365468000
16.369429000 5.649837000 -1.332291000
16.004018000 5.532579000 -1.338080000
15.616834000 5.400152000 -1.280049000
15.220527000 5.271101000 -1.266224000
14.826522000 5.138177000 -1.250574000
14.476935000 5.015386000 -1.215742000
14.129466000 4.888382000 -1.187251000
13.831312000 4.778263000 -1.155589000
13.516246000 4.663596000 -1.129593000
13.203640000 4.546425000 -1.100253000
12.918086000 4.435022000 -1.075087000
12.606425000 4.318071000 -1.056378000
12.294091000 4.197901000 -1.023250000
11.996899000 4.080069000 -0.998517000
11.694210000 3.961718000 -0.962890000
11.384105000 3.849299000 -0.944134000
11.080046000 3.752351000 -0.917470000
10.620469000 3.599545000 -0.860591000
10.438213000 3.571272000 -0.862354000
10.110252000 3.492353000 -0.837909000
9.777525000 3.475418000 -0.803880000
9.448060000 3.430494000 -0.774873000
9.109527000 3.384682000 -0.745428000
8.739053000 3.335834000 -0.708541000
8.399946000 3.236505000 -0.685221000
8.051446000 3.148255000 -0.654921000
7.723171000 3.012515000 -0.625266000
7.411576000 2.859396000 -0.604363000
7.109177000 2.682941000 -0.578359000
6.808673000 2.482460000 -0.552791000
6.524662000 2.310003000 -0.523643000
6.225341000 2.122063000 -0.495483000
5.894662000 1.936192000 -0.487909000
5.588374000 1.740835000 -0.459928000
5.292291000 1.616560000 -0.429501000
4.946250000 1.502471000 -0.406101000
4.605681000 1.396564000 -0.374950000
4.264750000 1.292978000 -0.351847000
3.945196000 1.223193000 -0.329450000
3.591553000 1.130730000 -0.293055000
3.268422000 1.036692000 -0.274963000
2.914627000 0.954887000 -0.240158000
2.560270000 0.881996000 -0.207025000
2.207554000 0.825004000 -0.178012000
1.845845000 0.774046000 -0.147763000
1.487517000 0.719183000 -0.115637000
1.123850000 0.666466000 -0.090257000
0.758870000 0.599446000 -0.055526000
0.386559000 0.529855000 -0.011508000
0.019070000 0.465265000 0.011188000
-0.369598000 0.398972000 0.053103000
-0.759453000 0.337038000 0.089425000
-1.102972000 0.243688000 0.112150000
-1.491000000 0.183649000 0.144079000
-1.781588000 0.136899000 0.157703000
-1.860430000 0.103830000 0.164785000
-1.856975000 0.104169000 0.175284000
-1.841995000 0.120349000 0.173222000
-1.822697000 0.107468000 0.177031000
-1.863866000 0.103297000 0.192996000
-1.995424000 0.119271000 0.202596000
-2.132141000 0.148328000 0.212994000
-2.223468000 0.173865000 0.227503000
-2.289313000 0.197756000 0.227093000
-2.331748000 0.229156000 0.232370000
-2.366428000 0.252752000 0.248062000
-2.430419000 0.280533000 0.247287000
-2.461957000 0.310212000 0.246763000
-2.519206000 0.341994000 0.252872000
-2.556882000 0.378561000 0.260629000
-2.608429000 0.417640000 0.264080000
-2.665780000 0.463278000 0.264890000
-2.691557000 0.511425000 0.279131000
-2.786814000 0.592792000 0.292404000
-2.870095000 0.731284000 0.294378000
-2.908123000 0.847076000 0.293848000
-2.931580000 0.996328000 0.294792000
-2.944241000 1.147190000 0.289731000
-2.930628000 1.292793000 0.293389000
-2.907271000 1.446686000 0.277991000
-2.959154000 1.489412000 0.301181000
-2.961588000 1.472006000 0.296905000
-2.945576000 1.460498000 0.293094000
-2.941416000 1.456889000 0.290156000
-2.938567000 1.463470000 0.292507000
-2.945888000 1.461799000 0.293896000
-2.936256000 1.459175000 0.292169000
-2.941276000 1.464089000 0.290858000
-2.937090000 1.461553000 0.292853000
-2.932038000 1.489334000 0.293472000
-2.935471000 1.523688000 0.296850000
-2.937343000 1.527018000 0.299963000
-2.939500000 1.512668000 0.293982000
-2.937619000 1.520517000 0.303988000
-2.939255000 1.521114000 0.290119000
-2.932780000 1.513785000 0.309144000
-2.934573000 1.519490000 0.300386000
-2.932684000 1.515439000 0.297336000
-2.933689000 1.512446000 0.299978000
-2.934062000 1.523348000 0.294142000
-2.931805000 1.518619000 0.290643000
-2.940499000 1.521347000 0.290071000
-2.921980000 1.522875000 0.293041000
-2.936280000 1.522351000 0.293797000
-2.925575000 1.525606000 0.290630000
-2.930117000 1.522342000 0.293815000
