1.968147000 -6.879292000 -0.896125000
2.034678929 -6.845265698 -0.915522781
1.973363506 -6.817644134 -0.894004698
1.972376294 -6.836372508 -0.893832115
1.986241476 -6.836374499 -0.878603189
1.989585674 -6.806618761 -0.887386358
1.985175626 -6.811631656 -0.892722875
1.985501235 -6.819320345 -0.889596920
1.990719947 -6.819210721 -0.874916197
1.994106599 -6.796093226 -0.896346165
1.996753541 -6.761134294 -0.893502619
1.999307033 -6.760152406 -0.891619876
1.992821178 -6.771774711 -0.895929822
1.990650295 -6.772250151 -0.897112090
1.992420109 -6.769253333 -0.893855346
1.993028662 -6.766463287 -0.892871592
1.993243156 -6.783000519 -0.894646568
1.990666261 -6.774676940 -0.896778260
1.995368014 -6.776127092 -0.899833217
1.994147296 -6.773787963 -0.895237969
1.995483792 -6.772219031 -0.890868270
1.992132150 -6.747095598 -0.894051539
1.999902596 -6.715165223 -0.899486990
2.003064084 -6.626729815 -0.903683479
2.010388939 -6.511257562 -0.927910113
2.026351438 -6.358550904 -0.947091655
2.034234612 -6.157158083 -0.959021046
2.027810579 -5.923565292 -0.990452938
2.017741290 -5.647176842 -1.016278125
1.968322130 -5.355043994 -1.043005152
1.893799213 -5.026552137 -1.071681535
1.825621898 -4.678894289 -1.104062839
1.751565095 -4.317031233 -1.130352814
1.661962171 -3.925170728 -1.137942842
1.479119408 -3.563115991 -1.175895325
1.315083504 -3.227081060 -1.206487972
1.193276394 -2.866217900 -1.236812393
1.059639213 -2.498397365 -1.269946348
0.903657744 -2.148690570 -1.292085820
0.735958143 -1.811743144 -1.319468054
0.616951980 -1.424258742 -1.364788313
0.594528034 -1.050307069 -1.400761725
0.618008254 -0.732082918 -1.413775159
0.632188640 -0.415114012 -1.440223388
0.625119926 -0.077453747 -1.460187188
0.559636627 0.249362367 -1.492990946
0.439849548 0.558798398 -1.530098876
0.341115497 0.893360195 -1.548417919
0.250981335 1.200501697 -1.576503137
0.160539091 1.565640699 -1.605069149
0.082881233 1.815995437 -1.623947171
-0.027467337 2.205795185 -1.627513026
-0.122864254 2.540248357 -1.692732572
-0.217230303 2.908121624 -1.719806286
-0.281068834 3.275974585 -1.751695383
-0.336445698 3.616860059 -1.793289075
-0.396327320 3.995014072 -1.818390023
-0.461727791 4.387805020 -1.851469091
-0.524976385 4.750873862 -1.878194582
-0.591493108 5.114630161 -1.918007827
-0.663642079 5.506792153 -1.948308682
-0.730930410 5.869787182 -1.983053143
-0.805556184 6.258893733 -2.019369809
-0.873425597 6.610679729 -2.045982459
-0.948423670 6.995497990 -2.075050452
-1.018575546 7.359362598 -2.109820930
-1.106974318 7.787078698 -2.140068343
-1.184998079 8.176561263 -2.185949840
-1.278898383 8.631823629 -2.216535485
-1.370613646 9.061169934 -2.238623639
-1.471541183 9.520717522 -2.282650392
-1.572231252 10.006454561 -2.321747553
-1.687677967 10.526307542 -2.356471342
-1.800996501 11.047870714 -2.399589931
-1.929558945 11.602269825 -2.425959176
-2.046873628 12.151858204 -2.461307910
-2.165585617 12.709623767 -2.504251154
-2.288135151 13.273571298 -2.560597914
-2.446913561 13.838060052 -2.601362304
-2.589689530 14.468256286 -2.652787529
-2.668346792 15.082009985 -2.704148560
-2.677795897 15.702165251 -2.751322162
-2.724565322 16.330310436 -2.797699480
-2.794011691 17.058183770 -2.856134818
-2.882238115 17.738749260 -2.914247770
-3.035342986 18.386915782 -2.961156254
-3.187186792 18.991244070 -3.001376823
-3.322186605 19.641845081 -3.054247555
-3.443036682 20.243035647 -3.103986092
-3.593046835 20.952793911 -3.162874249
-3.727984537 21.577509475 -3.210275208
-3.870162359 22.244087121 -3.272261079
-3.999846293 22.832293320 -3.314771240
-4.133672244 23.407787759 -3.354175784
-4.278545611 24.054021946 -3.401721291
-4.422864832 24.678939933 -3.449986498
-4.564093444 25.267203450 -3.491184034
-4.716415864 25.911626676 -3.542148105
-4.870719884 26.553220024 -3.599697102
-5.020566236 27.178610310 -3.645219453
-5.184284857 27.824956200 -3.694305367
-5.335004264 28.424090366 -3.738003802
-5.471603777 29.019908749 -3.781765184
-5.546906499 29.724280144 -3.837089229
-5.559520028 30.330717653 -3.890995143
-5.567083193 30.917460464 -3.932377308
-5.616081804 31.603222211 -3.982175127
-5.670574117 32.159933522 -4.030706554
-5.769405358 32.786766118 -4.071339587
-5.875280197 33.371324256 -4.118767622
-6.019449357 33.967608890 -4.170237107
-6.182120587 34.512611782 -4.215676165
-6.342132643 35.182367697 -4.260200541
-6.500051175 35.784992105 -4.319236733
-6.654592790 36.367191027 -4.362112833
-6.818818250 36.952271685 -4.399659092
-6.954876869 37.501531743 -4.436184591
-7.028168490 38.143581002 -4.490447501
-7.055709430 38.733087549 -4.541659554
-7.094325104 39.281819379 -4.575967145
-7.172913157 39.855808891 -4.622557493
-7.277287957 40.426453243 -4.673924139
-7.397765260 41.017252245 -4.727660312
-7.512537973 41.603167685 -4.783470192
-7.628875929 42.204281862 -4.834127870
-7.763099400 42.882718420 -4.891523905
-7.876170703 43.461660190 -4.943726209
-7.997482559 44.090729906 -4.995420506
-8.125692352 44.728550110 -5.043061174
-8.235262932 45.293824424 -5.086349469
-8.371575176 45.983875090 -5.154466303
-8.506526903 46.629811183 -5.203873176
-8.646927394 47.314842137 -5.267269677
-8.783253424 47.978238489 -5.317329734
-8.917274436 48.610558776 -5.371237323
-9.056225689 49.242499437 -5.432198286
-9.188936818 49.853671782 -5.490115136
-9.318064449 50.426135658 -5.542888570
-9.440544103 50.993027535 -5.600958550
-9.588140317 51.611816184 -5.660224151
-9.739663391 52.295925368 -5.716779942
-9.904181801 53.001359831 -5.771082213
-10.065933511 53.685779196 -5.824590778
-10.218759911 54.321741697 -5.859014037
-10.375537577 54.959844372 -5.916682951
-10.530391999 55.570740744 -5.970616001
-10.702760887 56.255539258 -6.034747903
-10.865616716 56.868145769 -6.083378894
-11.054420280 57.631608969 -6.152403383
-11.215461799 58.298609492 -6.202970297
-11.277259165 58.906048598 -6.250205736
-11.307950641 59.537391660 -6.309342905
-11.343029063 60.172510259 -6.367180284
-11.404432093 60.800305152 -6.424855061
-11.539009635 61.408380043 -6.485450826
-11.675837205 61.876723023 -6.524635539
-11.796782480 62.450135288 -6.570585377
-11.917816723 63.049580422 -6.627474293
-12.040722348 63.616756249 -6.684407370
-12.157017259 64.168058330 -6.731528961
-12.271410455 64.701651497 -6.773087000
-12.376772729 65.168753334 -6.805468578
-12.485850259 65.676335836 -6.848590703
-12.599512905 66.187811694 -6.891599243
-12.720427154 66.700421541 -6.943190479
-12.829748736 67.195271690 -6.992851723
-12.924629179 67.666962174 -7.041396939
-13.036565460 68.167132773 -7.082076068
-13.111765608 68.639715666 -7.114098176
-13.138229115 69.136277866 -7.152129979
-13.145210643 69.661212021 -7.192549997
-13.173709452 70.152678469 -7.242788393
-13.237568441 70.676306097 -7.284105636
-13.312228972 71.147444848 -7.327652804
-13.464567287 71.634506832 -7.372404351
-13.691834384 72.078944850 -7.409502340
-13.895687078 72.473585504 -7.445222491
-13.951006992 72.875640612 -7.479529199
-13.869738955 73.214069972 -7.502592101
-13.762453087 73.503192897 -7.543893535
-13.670883158 73.778167020 -7.566490976
-13.623044914 74.082812641 -7.604691530
-13.591352237 74.400086855 -7.625470712
-13.598251615 74.716549965 -7.649488615
-13.628416079 75.015116732 -7.675135297
-13.669752164 75.328819437 -7.702047130
-13.781181446 75.646630209 -7.731445960
-13.943078290 75.914839494 -7.752189960
-14.109033080 76.259176768 -7.785682467
-14.274116025 76.603207710 -7.798766575
-14.456356952 76.960818046 -7.832240413
-14.637764115 77.374109074 -7.866196853
-14.771829401 77.796847963 -7.900802393
-14.925889718 78.263295849 -7.939999423
-15.039253294 78.725810217 -7.976490860
-15.134737333 79.232249265 -8.027079288
-15.219993608 79.757050970 -8.076050192
-15.302245852 80.307028627 -8.119508668
-15.400998908 80.854917967 -8.161128019
-15.498300943 81.453719418 -8.213189203
-15.614430875 82.085811541 -8.268028392
-15.741314970 82.693809141 -8.317515074
-15.861680990 83.332392455 -8.369773789
-15.989292854 83.968552489 -8.429854335
-16.126727452 84.630542490 -8.490591429
-16.278496402 85.345436027 -8.557766698
-16.432982168 86.068631328 -8.620271046
-16.588588392 86.782562593 -8.678909290
-16.722652961 87.411228799 -8.724630993
-16.903971205 88.205687141 -8.799620918
-17.057495805 88.869057900 -8.853393821
-17.194871781 89.427327472 -8.898917414
-17.359701138 90.143386306 -8.967470006
-17.501197307 90.703362783 -9.010395621
-17.651743193 91.304322046 -9.055895613
-17.766770970 91.850564207 -9.094349988
-17.799125750 92.370044525 -9.129850032
-17.795271262 92.895469282 -9.178012963
-17.840884200 93.543783796 -9.235747264
-17.907188511 94.108589610 -9.291808350
-17.975467535 94.661835495 -9.341575135
-18.050499980 95.202683419 -9.387531870
-18.129844267 95.760618158 -9.436515135
-18.223544822 96.303037113 -9.487109081
-18.350966692 96.850666676 -9.533747576
-18.486242434 97.398691800 -9.584421008
-18.620682711 97.922087716 -9.634255346
-18.771970413 98.539236939 -9.693145700
-18.925404902 99.155936184 -9.743316789
-19.083162563 99.773557592 -9.795589142
-19.237484616 100.381697328 -9.846184819
-19.405207486 101.039514233 -9.908113893
-19.571493835 101.670131988 -9.964074316
-19.753462198 102.314284176 -10.012816220
-19.892043300 102.936017832 -10.067868959
-19.947106499 103.519594033 -10.118145605
-19.952211523 104.124347852 -10.172693223
-20.016320791 104.804784094 -10.238552865
-20.140279135 105.491854810 -10.299676691
-20.251904722 106.053416200 -10.342376445
-20.378049584 106.728351768 -10.397308091
-20.503360247 107.369320118 -10.456937013
-20.639116967 108.050505848 -10.516254426
-20.771371894 108.692151831 -10.560475336
-20.890828466 109.280960863 -10.608658664
-21.007852120 109.842318643 -10.655507369
-21.121059391 110.359225103 -10.693817158
-21.246423697 110.944696431 -10.746378505
-21.369958813 111.493576299 -10.800637585
-21.505406539 112.097645635 -10.853795810
-21.654957943 112.740634698 -10.901930208
-21.800761837 113.361619516 -10.963236983
-21.935567619 113.957088138 -11.012788262
-22.089099686 114.572400636 -11.070149678
-22.231625838 115.188422383 -11.119448185
-22.394195475 115.865616419 -11.182575563
-22.552149099 116.454417657 -11.225435857
-22.727533734 117.120119047 -11.311342167
-22.879922779 117.736376001 -11.354594618
-22.943788624 118.338697834 -11.404658665
-23.012502662 118.942590807 -11.455738558
-23.159419091 119.552206464 -11.506740822
-23.321052172 120.156822875 -11.559913204
-23.477507608 120.767681743 -11.609484023
-23.575240606 121.388008710 -11.669980255
-23.761755424 121.995443198 -11.727307528
-24.014550286 122.591840715 -11.785953263
-24.189733970 123.163063701 -11.826304859
-24.186682657 123.700189341 -11.857147875
-24.132271623 124.233741113 -11.906146321
-24.118757012 124.745214195 -11.959239001
-24.128366082 125.284486876 -12.006239116
-24.122385237 125.789606928 -12.051631480
-24.115803261 126.286525125 -12.091405350
-24.134862795 126.768010682 -12.143066397
-24.232111865 127.169394790 -12.186266974
-24.386563819 127.538595993 -12.202500091
-24.553943978 127.866244271 -12.229482107
-24.726999997 128.238455972 -12.258147395
-24.887185103 128.575281508 -12.292803381
-25.034303685 128.967707509 -12.317584323
-25.120546081 129.349255699 -12.353319269
-25.159032660 129.750625701 -12.390274839
-25.151257680 130.150928954 -12.424173298
-25.164492792 130.567945290 -12.456995548
-25.177653582 131.016471573 -12.493016355
-25.220626709 131.468925277 -12.534298872
-25.261667254 131.937910843 -12.564269173
-25.324609285 132.429881645 -12.610022919
-25.386250338 132.925241343 -12.660591822
-25.469301975 133.404682900 -12.692359438
-25.567954553 133.891399418 -12.724998087
-25.662126080 134.406420300 -12.772303708
-25.794346571 134.942574025 -12.820282107
-25.936363951 135.465936610 -12.859293143
-26.090050564 136.050615421 -12.912891916
-26.232807641 136.601188951 -12.955496891
-26.395159704 137.243600331 -13.005808266
-26.545938989 137.843830867 -13.053290443
-26.721564040 138.540228818 -13.117679517
-26.876195810 139.121711322 -13.165893306
-27.059710283 139.848301218 -13.230419201
-27.237850321 140.510302851 -13.290839651
-27.386084372 141.168940056 -13.345840136
-27.443276637 141.812542017 -13.401869872
-27.498561316 142.388919935 -13.450733494
-27.482823583 142.871577934 -13.490330859
-27.525725293 143.371295424 -13.527587060
-27.555734184 143.956089500 -13.584367343
-27.628342451 144.496291412 -13.631473166
-27.685011496 145.047680437 -13.681001269
-27.733965072 145.614296739 -13.730205107
-27.796744275 146.152881143 -13.780196676
-27.894368428 146.644892337 -13.818593683
-28.031881872 147.176865547 -13.860144760
-28.199207698 147.680716482 -13.902931859
-28.362698250 148.219839749 -13.944789022
-28.596088697 148.768757525 -13.993180467
-28.833095777 149.326470667 -14.043706048
-29.011649655 149.979574106 -14.091626629
-29.146613983 150.556971905 -14.125643618
-29.244712801 151.041092646 -14.166032696
-29.362607056 151.605784025 -14.213265230
-29.464892684 152.152857242 -14.264650590
-29.603237430 152.752083819 -14.323243460
-29.721578898 153.325623084 -14.371365414
-29.862958557 153.881383733 -14.410896583
-29.982936179 154.452338552 -14.454641804
-30.107404573 155.031473719 -14.502666046
-30.243676408 155.635915892 -14.555290278
-30.378467195 156.211121298 -14.601750430
-30.521317789 156.822979750 -14.653652047
-30.677987391 157.443633919 -14.706093321
-30.809842702 158.003752877 -14.757574210
-30.962472613 158.647104257 -14.807061195
-31.111251707 159.229718935 -14.879968657
-31.259591482 159.844913124 -14.919377989
-31.409348033 160.458058825 -14.984841370
-31.575077497 161.060827943 -15.029466923
-31.736920107 161.684994882 -15.067021509
-31.901479405 162.299021683 -15.124275841
-32.034157765 162.896567154 -15.165293949
-32.089431808 163.491364553 -15.218785272
-32.138204999 164.087980916 -15.265709235
-32.162129126 164.651264340 -15.318953946
-32.114159394 165.090709378 -15.369214780
-32.098843473 165.322007215 -15.392408315
-32.097996008 165.388717029 -15.389267049
-32.100174436 165.370802907 -15.379566816
-32.122355695 165.351325672 -15.372454319
-32.103651840 165.349474458 -15.376392749
-32.107389265 165.347633895 -15.384028980
-32.108342117 165.331552069 -15.379022490
-32.121683825 165.218285639 -15.369912513
-32.137517944 164.935471794 -15.350287465
-32.175138929 164.522620035 -15.321850288
-32.259913957 163.970999235 -15.263019438
-32.343510648 163.301238549 -15.171635575
-32.345730865 162.739619425 -15.140540767
-32.258156827 162.378366595 -15.124234951
-32.236064853 162.165945814 -15.123578803
-32.224606018 162.116906035 -15.106705242
-32.230443464 162.131816514 -15.110809021
-32.235109980 162.150200164 -15.101120604
-32.234785171 162.143635348 -15.103752540
-32.234057149 162.145498234 -15.097332122
-32.230237199 162.138771459 -15.099288532
-32.231206329 162.144163284 -15.097376371
-32.230845834 162.145680705 -15.099055286
-32.224578658 162.154131841 -15.097753127
-32.226034840 162.143365288 -15.096650829
-32.227593029 162.144652831 -15.099692944
-32.228673275 162.150544431 -15.098729847
-32.217235511 162.136249782 -15.074411455
-32.243212704 162.235777874 -15.114761417
-32.239004896 162.424330800 -15.118403240
-32.262831501 162.730208850 -15.160148060
-32.264762889 163.050260725 -15.181652470
-32.263473249 163.447199894 -15.215941854
-32.224415185 163.813497564 -15.241565594
-32.165489336 164.213320730 -15.273382988
-32.093473402 164.588956745 -15.310476089
-32.011642147 164.979778002 -15.341559978
-31.909391948 165.338990017 -15.369290097
-31.788912936 165.711914587 -15.399860094
-31.661302705 166.053018253 -15.443833579
-31.593950338 166.259550875 -15.470298626
-31.574340471 166.272502680 -15.468150207
-31.590366303 166.231381763 -15.461844688
-31.640981593 166.173825862 -15.454582763
-31.717726764 165.913367643 -15.433557015
-31.832686297 165.580565674 -15.402440772
-31.974417386 165.214919969 -15.369085640
-32.137705991 164.859037574 -15.329744222
-32.267910357 164.457829193 -15.301541318
-32.424755025 164.071699627 -15.273918880
-32.413231410 163.736805280 -15.258994242
-32.358863542 163.625778255 -15.235239712
-32.388849990 163.673188760 -15.243091540
-32.412692057 163.702837115 -15.233817820
-32.400968473 163.721253800 -15.230924417
-32.294126755 163.811875429 -15.241838814
-32.091783892 163.946156760 -15.257811056
-31.831267928 164.060082637 -15.263002473
-31.536476232 164.063825385 -15.266042275
-31.250886219 164.060161131 -15.271442317
-31.151687204 164.107684963 -15.272441245
-31.104542812 164.079197570 -15.268529490
-31.063256803 164.070343977 -15.270158116
-31.067577769 164.123539554 -15.280383075
-31.077103191 164.112674304 -15.271700442
-31.075930113 164.122625681 -15.274972181
-31.072315353 164.099856112 -15.270772517
-31.077067633 164.140195603 -15.274947399
-31.072847326 164.106629829 -15.269645115
-31.074896988 164.087408432 -15.270125586
-31.086648652 164.150214259 -15.274825600
-31.073631634 164.087475941 -15.268226148
-31.084209421 164.139090624 -15.274658459
-31.075160733 164.100503605 -15.270310914
-31.073629720 164.093890345 -15.269811473
-31.075300533 164.095122951 -15.271362885
-31.066116073 164.099415895 -15.268859588
-31.030399775 164.103844946 -15.266640863
-30.974244188 164.119684140 -15.265876334
-30.867226878 164.110863925 -15.268720101
-30.739466700 164.126542120 -15.267327795
-30.558531236 164.153111202 -15.273782567
-30.352690523 164.190699758 -15.276123826
-30.116369850 164.250757041 -15.288478330
-29.894926785 164.341908364 -15.300148088
-29.781856003 164.393174992 -15.299395468
-29.773444769 164.388337685 -15.298923367
-29.752238898 164.403453692 -15.303730371
-29.711515621 164.416515972 -15.305875957
-29.661042534 164.436835730 -15.301702727
-29.590815232 164.466993404 -15.302511242
-29.476563448 164.507047388 -15.307788022
-29.338084364 164.557746345 -15.315170635
-29.163576456 164.625995188 -15.322968520
-28.954143753 164.693662858 -15.329399549
-28.710892401 164.783161076 -15.334457858
-28.428002724 164.885002961 -15.342455368
-28.111127801 165.007487624 -15.355343792
-27.757937437 165.134300938 -15.364445387
-27.370133864 165.270233703 -15.372835285
-26.934559471 165.400874415 -15.383893351
-26.473945151 165.549213113 -15.391702812
-25.970748878 165.717018116 -15.408341383
-25.430862023 165.888706351 -15.418595135
-24.875190365 166.063964430 -15.439297258
-24.264774660 166.198232354 -15.459207326
-23.642507777 166.306371143 -15.468860440
-23.029569090 166.490522194 -15.496181132
-22.391350213 166.677246541 -15.513200135
-21.732112864 166.826002817 -15.518631392
-21.086470101 166.951759962 -15.531265356
-20.498977349 167.069948674 -15.545186839
-20.024862317 167.271815849 -15.565224950
-19.660629987 167.500224678 -15.575207562
-19.336887333 167.778914236 -15.595937607
-19.011252973 168.052345858 -15.623642823
-18.677789872 168.357176385 -15.648106409
-18.376182430 168.626360484 -15.666235574
-18.045444571 168.950534413 -15.701388566
-17.718674328 169.282416245 -15.737076632
-17.399298791 169.612577621 -15.761740647
-17.085586340 169.962623045 -15.788324233
-16.789076295 170.313528036 -15.811834864
-16.467444066 170.715424502 -15.840967190
-16.169087286 171.142758170 -15.874670500
-15.838468140 171.600366227 -15.905969949
-15.498917216 172.057533599 -15.943884318
-15.153566638 172.509891559 -15.979907906
-14.797996438 172.993493313 -16.017237844
-14.439164208 173.464394007 -16.050040041
-14.048391611 173.982043208 -16.089619280
-13.659395311 174.488812287 -16.125881358
-13.284196894 174.991771505 -16.158741637
-12.876179435 175.528760257 -16.187608522
-12.511155766 176.020948466 -16.212120128
-12.114567150 176.541605811 -16.245130888
-11.715478168 177.065117080 -16.276702597
-11.328156697 177.588283594 -16.309275750
-10.914128607 178.128042527 -16.345629560
-10.515848208 178.644913330 -16.386724907
-10.110115581 179.161901287 -16.422316754
-9.736347576 179.658331770 -16.452796319
-9.363272835 180.147153941 -16.490231809
-8.935092864 180.702420463 -16.535376021
-8.505576087 181.259075940 -16.575439290
-8.100834852 181.790399121 -16.606366954
-7.722872786 182.285134784 -16.628762515
-7.346371143 182.777649870 -16.648787702
-7.005073526 183.236179122 -16.674994147
-6.628343688 183.732497624 -16.709509612
-6.278660232 184.188795864 -16.737323560
-5.898595686 184.672375543 -16.773432328
-5.562097802 185.139464314 -16.795628920
-5.243013834 185.530693121 -16.814688944
-4.852211531 185.951623805 -16.833678768
-4.508273987 186.273003390 -16.852062226
-4.095168078 186.701555008 -16.880848698
-3.693669962 187.124934435 -16.914143084
-3.288129143 187.545279055 -16.941517617
-2.899351930 187.946391147 -16.973781038
-2.511742289 188.347707928 -17.002274862
-2.133826442 188.728343698 -17.025410775
-1.794766788 189.071259970 -17.046989253
-1.433689239 189.463591945 -17.070959007
-1.087164207 189.881170218 -17.093559057
-0.779964037 190.267726554 -17.124841099
-0.448283898 190.678438735 -17.150889516
-0.132915877 191.064932861 -17.178121000
0.165909848 191.436549090 -17.207176669
0.484114652 191.827363752 -17.230683415
0.787246614 192.192939918 -17.258067643
1.059861258 192.534093913 -17.290097630
1.346705059 192.916088841 -17.320979726
1.633283966 193.327173727 -17.344490171
1.888288294 193.696449987 -17.367105091
2.228249612 194.183258785 -17.400532264
2.451573528 194.523604766 -17.425159913
2.781469356 195.000982298 -17.442426608
3.122422230 195.497687757 -17.481673702
3.454109096 195.988924349 -17.524341192
3.861502759 196.524555439 -17.548532720
4.249738683 196.936429496 -17.576497580
4.730159826 197.444593361 -17.620832961
5.198371141 197.939122190 -17.657399107
5.654394483 198.404259436 -17.690244482
6.108949413 198.905578778 -17.720607029
6.514860660 199.436084858 -17.758640139
6.923691548 200.007203015 -17.789329499
7.334352718 200.556937743 -17.826691180
7.747646687 201.083501135 -17.852129806
8.184273508 201.645508877 -17.895780366
8.585505743 202.162731033 -17.921946276
8.907891991 202.582780158 -17.948083852
9.261086299 203.041520031 -17.983875833
9.598953976 203.483634559 -18.004867134
9.878855805 203.859468057 -18.018711719
10.159715455 204.230366546 -18.044537802
10.434953128 204.599708306 -18.066342679
10.737213415 204.994257040 -18.095529779
11.095154467 205.377465217 -18.122791782
11.433846043 205.752796919 -18.147224638
11.731261658 206.091037478 -18.167412402
12.047239403 206.435828333 -18.186240657
12.357226220 206.794122241 -18.203446534
12.745035798 207.231006552 -18.227265072
13.070737034 207.583739708 -18.244765735
13.421436038 207.976427888 -18.269211977
13.727685601 208.363068278 -18.294835546
14.138860207 208.859014935 -18.286208461
14.482064446 209.160350937 -18.353942701
14.754583957 209.514054558 -18.384100211
15.077513277 209.957041038 -18.424071869
15.466653178 210.336764183 -18.461736048
15.852313155 210.767536541 -18.483835680
16.199368363 211.199636698 -18.501093237
16.504234125 211.591082456 -18.529395050
16.865707886 212.043687520 -18.552027185
17.231565960 212.508572768 -18.575685345
17.582284314 212.950761736 -18.604004208
17.914324349 213.363540451 -18.625107658
18.219539016 213.751014384 -18.649807326
18.575852420 214.199351546 -18.672756900
18.919207989 214.633017506 -18.710174972
19.261902112 215.068171114 -18.743152073
19.603491454 215.497269779 -18.772387174
19.936732486 215.927774809 -18.801310127
20.283610004 216.361544773 -18.834638039
20.621599186 216.791602526 -18.865315569
20.944886087 217.197713172 -18.882197455
21.280589516 217.621733992 -18.901979680
21.615007396 218.037646441 -18.923073534
22.010705233 218.529080165 -18.954471457
22.400807074 219.019325995 -18.992202674
22.761088705 219.460462561 -19.028031225
23.113251708 219.896726581 -19.053075024
23.530578745 220.414749472 -19.086164301
23.919641098 220.888584967 -19.113470482
24.242764040 221.280691115 -19.128269786
24.538049458 221.647888604 -19.147230234
24.895390124 222.079224549 -19.170966588
25.244960041 222.497618497 -19.196448298
25.542988090 222.895221004 -19.221500887
25.808429185 223.342046033 -19.269032380
26.074312460 223.836492967 -19.307888174
26.347614108 224.303616805 -19.359220802
26.637658280 224.752581951 -19.380346274
26.961917324 225.137213623 -19.403160189
27.329479808 225.453837875 -19.417338143
27.612239603 225.685235837 -19.432948253
27.921520301 225.913644929 -19.449969100
28.196775794 226.106943715 -19.468231807
28.529766367 226.404253510 -19.487324271
28.841147504 226.721466715 -19.502878869
29.166132820 227.045863808 -19.518165372
29.480887414 227.384912591 -19.533838734
29.809534419 227.754597710 -19.553223441
30.145961085 228.154198130 -19.574871147
30.464994977 228.559749583 -19.600755433
30.753681003 228.950466316 -19.620403446
31.044236078 229.355593332 -19.641784380
31.367614156 229.798067247 -19.665481167
31.698842133 230.244195887 -19.683288131
32.022956439 230.694160031 -19.705013413
32.354642811 231.149812758 -19.733790791
32.690294426 231.602603083 -19.756104067
33.032011857 232.070375677 -19.778072300
33.424885109 232.594354135 -19.809822827
33.790235265 233.087141964 -19.834160497
34.109650766 233.526845535 -19.848280755
34.486402549 234.031922804 -19.879130821
34.807726076 234.471620796 -19.907693812
35.064875389 234.835843348 -19.927781920
35.296689770 235.156620063 -19.958773504
35.350790745 235.250545566 -19.987276781
35.363620332 235.246263584 -20.002526605
35.348318032 235.243876901 -20.011498407
35.343282113 235.231022321 -20.023149980
35.357155659 235.242455389 -20.031468465
35.358437191 235.250034397 -20.037390014
35.366882500 235.255689436 -20.038633062
35.378971223 235.267003329 -20.040732238
35.384743612 235.276504389 -20.042535227
35.401320624 235.289179270 -20.044225932
35.403781680 235.294693388 -20.046597347
35.415340393 235.304883355 -20.047578969
35.421451699 235.312700999 -20.050111668
35.424193724 235.319161201 -20.052011217
35.430594128 235.324279615 -20.053655218
35.431113216 235.327694235 -20.055375540
35.435740868 235.333289629 -20.056538729
35.445493139 235.341756825 -20.057075064
35.442375415 235.341744273 -20.058516582
35.444190436 235.344624563 -20.059252908
35.449377749 235.347790057 -20.060036985
35.448299626 235.351701051 -20.060045848
35.450909192 235.356207943 -20.061264154
35.459614731 235.361902692 -20.062107738
35.455085951 235.367619487 -20.062356142
35.468188792 235.370370881 -20.061939618
35.466041346 235.369321980 -20.062511051
35.465093058 235.369782922 -20.062102138
35.467946192 235.374057276 -20.062612256
35.468262974 235.374373179 -20.063883948
35.465991163 235.377843076 -20.065990507
35.471990245 235.381836605 -20.066375769
35.414444913 235.329306336 -20.057700261
35.251212936 235.184965419 -20.061406936
35.117736833 234.919433831 -20.059854839
35.040277727 234.614842856 -20.040199736
34.988287766 234.434242920 -20.023096181
34.984263616 234.400993904 -20.016740839
34.981118267 234.403241327 -20.018563462
34.990358983 234.404328924 -20.016090351
34.982475544 234.402992904 -20.015879503
34.989039250 234.406521128 -20.016202901
34.998557475 234.409548583 -20.017365372
35.001446534 234.412656976 -20.017800427
35.000540351 234.417147560 -20.017993230
35.003362559 234.419038680 -20.016212087
34.998646626 234.417513430 -20.013888277
34.996380018 234.419107014 -20.017828992
34.989178524 234.418155635 -20.016299162
34.937000702 234.347166378 -20.010928052
34.848871952 234.149250834 -20.008543447
34.808127508 233.941617921 -19.981558704
34.839391733 233.839010902 -19.970969138
34.844083391 233.833275420 -19.962119195
34.842723281 233.842725727 -19.961021387
34.834913456 233.833527723 -19.959585275
34.834514710 233.827444378 -19.958947964
34.833078944 233.826731073 -19.961800755
34.818887945 233.828510624 -19.965314393
34.815240603 233.772138377 -19.962082544
34.797014891 233.541871521 -19.957025569
34.829390692 233.242314836 -19.920377503
34.892106499 233.009316257 -19.898000546
34.808763521 233.055712828 -19.914823111
34.781948839 233.059143901 -19.904026811
34.792568987 233.038285853 -19.910331571
34.805879333 233.054379046 -19.910231948
34.798645782 233.030310882 -19.912700850
34.802437128 233.054389576 -19.914421207
34.798767502 233.046907436 -19.910137442
34.743589794 233.119509125 -19.913676331
34.606830724 233.218951308 -19.922172516
34.435334162 233.288184146 -19.919507940
34.338970498 233.349385985 -19.919976492
34.337004526 233.355655727 -19.927870703
34.344193199 233.338783638 -19.926085360
34.350708778 233.331795145 -19.925619224
34.348714174 233.334645744 -19.928089039
34.349293189 233.335145509 -19.925216122
34.348964224 233.331454531 -19.923202034
34.359463945 233.316002725 -19.922784489
34.441295816 233.249781764 -19.913939399
34.631765585 233.103812651 -19.898729839
34.831186775 233.015633641 -19.882344564
34.833284924 233.032390398 -19.916712940
34.796360609 233.028391006 -19.898935253
34.802218548 233.015686583 -19.896823876
34.812167117 233.013876552 -19.900186821
34.805036562 233.016833639 -19.900789441
34.774039112 233.020190320 -19.898318694
34.663954135 233.062434604 -19.907176966
34.434880000 233.067483483 -19.916346142
34.138158639 233.051247617 -19.921664171
33.849202650 232.961756208 -19.912007952
33.667285369 232.901840353 -19.907647091
33.632723077 232.889900902 -19.908401162
33.656411471 232.901371554 -19.904760552
33.669017357 232.912090708 -19.907525221
33.673353069 232.908104903 -19.917538827
33.575982898 232.844614721 -19.916464003
33.418553353 232.754877285 -19.902575481
33.318174050 232.706823052 -19.892781665
33.303904677 232.703664663 -19.886958744
33.313844800 232.712307352 -19.881964872
33.312140329 232.703436666 -19.897359811
33.208716207 232.627504056 -19.897839457
33.066022577 232.478059129 -19.879051464
32.920755034 232.369120779 -19.859964879
32.885604377 232.342772382 -19.856308976
32.889808554 232.352309621 -19.852322520
32.906749935 232.363090238 -19.852093495
32.914557393 232.367388154 -19.852628710
32.913474706 232.368987614 -19.852427298
32.908936010 232.369956009 -19.850282566
32.915755810 232.370097818 -19.848055480
32.915422821 232.373136617 -19.847511871
32.913514699 232.371288869 -19.845921707
32.890719686 232.349026148 -19.843191104
32.836519325 232.309591349 -19.841315820
32.752252020 232.244592847 -19.837901302
32.638258551 232.150786150 -19.832321591
32.495639492 232.036811726 -19.826092490
32.330756306 231.876257111 -19.823027175
32.147900274 231.674293835 -19.814019926
31.947681251 231.434480139 -19.799731557
31.751403399 231.141373283 -19.784232168
31.561346505 230.799616929 -19.759515386
31.327910380 230.448240027 -19.737543778
31.072349303 230.072924150 -19.715182675
30.792124167 229.676688696 -19.693073661
30.516704767 229.256525992 -19.663005634
30.199639426 228.806100862 -19.638101304
29.892403554 228.358284140 -19.611270871
29.573893371 227.895561893 -19.579041900
29.245613216 227.422587704 -19.543269880
28.919477394 226.931533928 -19.506261623
28.640341640 226.410926850 -19.476460294
28.339873376 225.912071512 -19.457206793
28.022036701 225.546536098 -19.439152229
27.704891391 225.321980111 -19.437780524
27.385215646 225.173679586 -19.431243729
27.070942682 225.027725358 -19.423831143
26.798126704 224.825450473 -19.409994958
26.561043628 224.559852750 -19.390202031
26.387864908 224.342938154 -19.373231133
26.150686836 224.058250278 -19.348838479
25.933763360 223.781432254 -19.328571827
25.704308128 223.490137584 -19.307587779
25.484388834 223.183787655 -19.289265681
25.247976277 222.866457721 -19.265012810
24.986381535 222.524417360 -19.244132069
24.709601498 222.160738800 -19.216296833
24.410493498 221.778235084 -19.185771089
24.099334567 221.380166896 -19.157883061
23.781724803 220.981814315 -19.135024928
23.439431613 220.562324047 -19.109050323
23.093997690 220.123825961 -19.087082898
22.759299819 219.694488336 -19.058297706
22.448327096 219.221785821 -19.028745174
22.122372058 218.729324941 -19.001343168
21.771352058 218.220359604 -18.968712022
21.439436424 217.717730887 -18.930964983
21.098776113 217.214172980 -18.903986441
20.750883774 216.699867704 -18.873877964
20.411332637 216.192909004 -18.835788567
20.013492796 215.630742141 -18.795595386
19.576742774 215.133803195 -18.762394066
19.119637185 214.706842551 -18.731618072
18.677526271 214.248258802 -18.703341432
18.241548149 213.806049018 -18.676249765
17.787947683 213.337672892 -18.653372771
17.340596062 212.853785379 -18.629416774
16.914970484 212.340630809 -18.596815858
16.505462398 211.808341883 -18.562426367
16.110252121 211.295623754 -18.530001255
15.732364652 210.799877972 -18.494847933
15.338081583 210.298153292 -18.461592485
14.953819606 209.817090197 -18.424347174
14.576985859 209.379586435 -18.387297736
14.229102859 208.936902080 -18.363629989
13.913019294 208.500731777 -18.315100663
13.623381672 208.038686454 -18.269672198
13.329830621 207.590474585 -18.288272247
13.039383023 207.144147035 -18.248040301
12.701714093 206.723822024 -18.224853550
12.349930121 206.329528496 -18.209532280
11.994418004 205.923209765 -18.192820898
11.648245240 205.528650867 -18.160576605
11.237264564 205.048163986 -18.115279068
10.913009541 204.667090412 -18.084158080
10.529658085 204.223620651 -18.051544196
10.145512267 203.777216631 -18.012954509
9.770407577 203.344378070 -17.989413548
9.431367316 202.950818033 -17.968336646
9.008155255 202.461903549 -17.931647007
8.581154365 201.962031177 -17.904300083
8.195124525 201.518285458 -17.871803563
7.729477856 200.973579468 -17.833977415
7.195078635 200.325353468 -17.810462976
6.771599743 199.787805680 -17.773284886
6.325335530 199.203466647 -17.743052398
5.854881213 198.605016110 -17.715978251
5.446998034 198.088730885 -17.709540669
5.052656722 197.599066715 -17.678010848
4.689557794 197.149446626 -17.639732135
4.433536582 196.830329860 -17.603596040
4.146703030 196.474247287 -17.578969188
3.879317942 196.144948883 -17.558746748
3.666418391 195.881569301 -17.550974493
3.371189065 195.525160925 -17.534987074
3.014963226 195.093056069 -17.508057454
2.711785433 194.730833563 -17.474781060
2.353656028 194.303251116 -17.441095520
1.949586089 193.825307774 -17.398214397
1.501287437 193.292590348 -17.355134973
1.059920195 192.769113540 -17.304615463
0.438651769 192.028036957 -17.246555833
-0.033463671 191.477640981 -17.191507634
-0.491097183 190.943196612 -17.145807013
-0.930583325 190.435933859 -17.109483092
-1.337589757 189.959054075 -17.076767813
-1.753109940 189.477905879 -17.048288981
-2.143869317 189.022953068 -17.034938019
-2.550208563 188.544422361 -17.011701047
-2.955028538 188.070858379 -16.980657368
-3.418644158 187.526228018 -16.948215264
-3.782725120 187.092967154 -16.917047930
-4.128454665 186.665556268 -16.889090491
-4.485065040 186.173383683 -16.860053206
-4.843204755 185.689007687 -16.834519383
-5.111157536 185.321026571 -16.815439715
-5.343051240 184.997539223 -16.797265503
-5.670342678 184.550311368 -16.778934156
-5.931252483 184.182859742 -16.750531896
-6.181589200 183.823604395 -16.727451326
-6.453736168 183.436661187 -16.708305342
-6.717432921 183.055824148 -16.685877003
-7.004593739 182.655992205 -16.658976328
-7.314457951 182.204683439 -16.640943172
-7.646869477 181.774806259 -16.617935824
-7.987605158 181.384761636 -16.591885312
-8.358355871 181.012770270 -16.567945500
-8.761346491 180.611213423 -16.536153046
-9.183547557 180.190512962 -16.506213307
-9.514272421 179.845881584 -16.484724197
-9.860014720 179.422073381 -16.456283431
-10.285727835 178.870768560 -16.414705630
-10.692614096 178.349954212 -16.384234926
-11.108062736 177.815378869 -16.358954811
-11.511754697 177.288724931 -16.328195243
-11.887431023 176.794070068 -16.300420306
-12.218715999 176.358666178 -16.277682770
-12.573973065 175.891878678 -16.247127564
-12.919264219 175.436425856 -16.218329244
-13.286417266 174.953651750 -16.187224963
-13.632547448 174.494595949 -16.158555654
-13.910978144 174.112217614 -16.129639760
-14.294582120 173.605767597 -16.092559880
-14.641563554 173.134949226 -16.051945140
-14.993522669 172.675858075 -16.017398335
-15.374610063 172.250452388 -15.988261763
-15.779129006 171.845839546 -15.960107263
-16.218587182 171.403583327 -15.931678125
-16.625152074 170.983957166 -15.898808050
-17.103389349 170.482268249 -15.857537190
-17.491929731 170.058955015 -15.821947886
-17.853031066 169.634171177 -15.784001002
-18.220653474 169.172786831 -15.746018127
-18.614637514 168.687205425 -15.696696862
-18.893512854 168.322774131 -15.656388944
-19.238842065 167.906529420 -15.632464501
-19.559231323 167.644911052 -15.599960501
-19.911497699 167.422254375 -15.581785217
-20.270625629 167.233246322 -15.569193774
-20.663427016 167.085339037 -15.560844185
-21.051650103 166.928830341 -15.531477394
-21.443406047 166.810040625 -15.518442977
-21.878829501 166.676768692 -15.507939023
-22.302450212 166.548922190 -15.493366563
-22.773069461 166.396884972 -15.482503853
-23.251152147 166.251615109 -15.460797015
-23.766627883 166.076116315 -15.448822443
-24.268411220 165.920212257 -15.429189164
-24.816057564 165.740197030 -15.407679270
-25.384321681 165.549743334 -15.395833983
-25.946884098 165.368763653 -15.383463713
-26.509833637 165.184702798 -15.365378758
-27.099922639 165.064576646 -15.368904561
-27.666829355 165.050991366 -15.369021504
-28.209175859 165.099362145 -15.367608265
-28.758721751 165.124125656 -15.367801902
-29.301073540 165.156667297 -15.370560815
-29.830481817 165.134695969 -15.371403619
-30.265214435 165.055398576 -15.374669472
-30.477680579 165.045161684 -15.380326127
-30.511824597 165.035994581 -15.363936274
-30.497036344 165.042600294 -15.358393630
-30.481282480 165.045878051 -15.345083641
-30.482919057 165.046191101 -15.349982086
-30.482545980 165.041452415 -15.358498852
-30.483717966 165.045982859 -15.355027057
-30.485556995 165.031717773 -15.359244195
-30.485908556 165.046936862 -15.347243336
-30.632264587 165.020907972 -15.358903094
-30.928472806 164.974642734 -15.346783198
-31.348403883 164.889337444 -15.336156829
-31.907155182 164.734545649 -15.324336381
-32.554287779 164.559163318 -15.296446278
-32.538023009 164.504856734 -15.283881969
-32.404216128 164.523028287 -15.309043344
-32.327359764 164.537913250 -15.311339373
-32.316493705 164.548485459 -15.304303566
-32.314676544 164.534905014 -15.305214584
-32.324235682 164.531796385 -15.303743008
-32.318340442 164.528849212 -15.316289453
-32.196427284 164.544903810 -15.315138973
-31.941464927 164.601236151 -15.309500631
-31.559711516 164.672329984 -15.314738160
-31.186362058 164.741825498 -15.322705383
-30.985350728 164.779719142 -15.334321312
-30.967588228 164.791870983 -15.336023014
-30.961933800 164.783574652 -15.326507016
-30.964254082 164.774518536 -15.320384552
-30.984286110 164.777651783 -15.325090290
-30.983230765 164.779435581 -15.325320852
-30.965181328 164.776288845 -15.323766438
-30.972030014 164.781727735 -15.327533469
-30.969610963 164.779713812 -15.327773219
-30.976010430 164.778812664 -15.325561619
-30.966497624 164.778630699 -15.330079771
-30.974456678 164.778805999 -15.330180072
-30.966823986 164.788701198 -15.330241196
-31.029756540 164.763113785 -15.324023677
-31.191594577 164.698902857 -15.324825700
-31.414204556 164.547517753 -15.319879979
-31.641779506 164.312907369 -15.296732344
-31.808734600 164.005718342 -15.265616686
-31.879648103 163.651782647 -15.234351457
-31.860120944 163.286694654 -15.206035266
-31.722686246 162.924069398 -15.175232052
-31.498491232 162.636377493 -15.160269605
-31.221490103 162.429260282 -15.133007017
-31.127857792 162.323554517 -15.130744352
-31.163932093 162.353335339 -15.129572600
-31.209532740 162.392870906 -15.128900863
-31.205746542 162.390560959 -15.129029173
-31.173796732 162.355821808 -15.127330036
-31.182048859 162.345740393 -15.104409197
-31.177348480 162.368808022 -15.125918119
-31.196979870 162.378324317 -15.130686993
-31.218079555 162.386103264 -15.113806012
-31.194939219 162.379683919 -15.128006582
-31.202278537 162.386558389 -15.125648965
-31.202836080 162.393277155 -15.130519965
-31.199370615 162.389529667 -15.127254890
-31.197908771 162.389314545 -15.125894777
-31.197638016 162.389250902 -15.124564765
-31.198674843 162.395518165 -15.120167638
-31.193958227 162.393656596 -15.124614589
-31.192391412 162.396077921 -15.117978713
-31.192830774 162.390162613 -15.121098536
-31.188249861 162.386710944 -15.124673315
-31.192947426 162.399256360 -15.127812657
-31.195045810 162.401054507 -15.126578754
-31.192368007 162.407835160 -15.127767705
-31.192029358 162.396619825 -15.131527987
-31.209658805 162.425461800 -15.139847769
-31.249675926 162.443707509 -15.133307029
-31.313089071 162.486673200 -15.139525553
-31.349112822 162.530084808 -15.146201815
-31.346651880 162.536903377 -15.143012760
-31.334778496 162.517242291 -15.149086033
-31.373560726 162.536334209 -15.153948669
-31.526188284 162.550606157 -15.150012495
-31.749305843 162.707434716 -15.161053132
-31.886999235 162.859304163 -15.170462743
-31.913248812 162.955666638 -15.183076650
-31.920998909 162.946507344 -15.176759632
-31.911749660 162.939004927 -15.184656196
-31.924174152 162.919557805 -15.173663426
-31.917956018 162.914696500 -15.178530436
-31.922568739 162.908681406 -15.173353628
-31.920537628 162.913851793 -15.174152020
-31.920659577 162.916169659 -15.179727981
-31.914462846 162.911169583 -15.177556397
-31.887512465 162.886697985 -15.174363270
-31.856153432 162.829508328 -15.166951703
-31.805196957 162.765862114 -15.163787205
-31.745572136 162.690686939 -15.161881907
-31.667836425 162.549741372 -15.143891588
-31.572014740 162.384658612 -15.134283978
-31.464006940 162.204379426 -15.119650330
-31.357900799 161.980863374 -15.090055577
-31.214553911 161.724433963 -15.081814677
-31.088213139 161.453598342 -15.062895626
-30.967436823 161.140391585 -15.026683291
-30.870498326 160.800644883 -14.985137428
-30.777982800 160.426842177 -14.968758231
-30.699730139 160.030058484 -14.937293416
-30.612362269 159.588024176 -14.899716973
-30.535569344 159.115344707 -14.859497537
-30.431710034 158.631722792 -14.816769244
-30.343622110 158.130488642 -14.771751713
-30.259591894 157.603877680 -14.718640245
-30.238153978 157.071089110 -14.671780389
-30.192988686 156.510402886 -14.631312439
-30.151524366 155.938117752 -14.585690653
-30.086892087 155.348777753 -14.534808477
-30.010987147 154.759244746 -14.487307163
-29.899482514 154.154796281 -14.436466924
-29.753945268 153.531291237 -14.384571107
-29.616313253 152.925834221 -14.337781273
-29.459776794 152.252758943 -14.276861374
-29.291782013 151.571954412 -14.210851227
-29.166835314 150.877827861 -14.154176614
-29.086110660 150.161389011 -14.096349805
-28.987443136 149.509828199 -14.046400527
-28.829136215 148.885606282 -14.002469326
-28.613214116 148.314795778 -13.961069222
-28.371889028 147.717705324 -13.918684161
-28.131902441 147.148781089 -13.873280816
-27.899305091 146.600929999 -13.826435337
-27.733122731 146.109261751 -13.778289258
-27.624426034 145.635435022 -13.733353621
-27.577592036 145.218435131 -13.689970220
-27.515219462 144.789534058 -13.648010344
-27.459385436 144.389442557 -13.615359857
-27.389997398 143.968976029 -13.577857273
-27.331277888 143.600304922 -13.541354621
-27.281338872 143.268308390 -13.521711426
-27.202603730 142.880162281 -13.488961664
-27.126743509 142.458809064 -13.460167590
-27.044986233 142.049887492 -13.430442058
-26.953852469 141.583824303 -13.407509698
-26.850131231 141.124379539 -13.362157382
-26.742313888 140.653734751 -13.312438227
-26.618531340 140.096852163 -13.262049139
-26.487730291 139.570446899 -13.208041954
-26.374307661 138.994805645 -13.161377187
-26.322995546 138.447511042 -13.113067762
-26.291091093 137.900907223 -13.065109197
-26.261192441 137.341122938 -13.019437418
-26.204973585 136.754828439 -12.977687725
-26.154653779 136.152593755 -12.927376219
-26.077577399 135.476980699 -12.868983004
-26.003071183 134.787524867 -12.812593171
-25.902239121 134.174244179 -12.758455185
-25.781030278 133.638305669 -12.703479481
-25.677264986 133.076506564 -12.653730431
-25.530284526 132.445961025 -12.606300734
-25.281626691 131.719604714 -12.547513704
-25.144511459 131.181544585 -12.503920884
-25.089544818 130.646415531 -12.465183822
-25.050818685 130.261895023 -12.446918333
-25.016542938 129.721675458 -12.417313255
-24.997897768 129.267243842 -12.362864283
-24.964441161 128.751002330 -12.317474858
-24.934333988 128.321420056 -12.263682827
-24.890194519 127.782377323 -12.237303142
-24.806560212 127.307994146 -12.198179824
-24.702201727 126.842423009 -12.159501084
-24.621450353 126.348203882 -12.116408164
-24.517142208 125.876845277 -12.056504521
-24.427157774 125.364406310 -12.025392274
-24.329476039 124.826551995 -11.976248235
-24.225198770 124.299439794 -11.925908377
-24.107031496 123.753523097 -11.889773116
-23.949820068 123.192966642 -11.837898212
-23.829615432 122.609872327 -11.791389927
-23.750708913 122.026780889 -11.737878470
-23.700868951 121.423167790 -11.695470835
-23.637103066 120.820977358 -11.629873621
-23.543708917 120.239513192 -11.582120525
-23.440115595 119.668418588 -11.533161605
-23.297339022 119.121479369 -11.478983218
-23.122395014 118.574503842 -11.437528543
-22.929212346 118.029991089 -11.403667345
-22.714280367 117.509940129 -11.350352974
-22.522037937 116.905734153 -11.295981248
-22.384805618 116.316442786 -11.253289656
-22.257568206 115.714148508 -11.184426381
-22.125034034 115.132152804 -11.135432598
-21.982114625 114.521324754 -11.083902557
-21.834521732 113.863571095 -11.025174734
-21.683243683 113.207001935 -10.960359325
-21.535460050 112.594932737 -10.906903821
-21.384159482 112.005549940 -10.859987611
-21.225561777 111.391997958 -10.800749252
-21.078328414 110.715234890 -10.750316008
-21.007198260 110.025258850 -10.691573797
-21.011216125 109.376692064 -10.640057592
-20.990564715 108.715979222 -10.580561233
-20.872086169 108.131400073 -10.536013450
-20.653761945 107.571408017 -10.496988944
-20.487299402 107.128408122 -10.447614485
-20.363088868 106.635850210 -10.407597058
-20.290700798 106.131181568 -10.362079064
-20.197336036 105.696148246 -10.324009097
-20.092405695 105.221642258 -10.286890612
-19.990280500 104.723223297 -10.246572284
-19.871435741 104.193178776 -10.201880165
-19.738548021 103.618986132 -10.147420219
-19.594157046 103.011106591 -10.090616107
-19.461329649 102.471829417 -10.037015784
-19.304958067 101.842494629 -9.981914774
-19.156612741 101.267871441 -9.930138311
-19.002508346 100.693840795 -9.880313958
-18.865921943 100.105305554 -9.830160014
-18.822539482 99.471285227 -9.776827464
-18.795993758 98.875111057 -9.726247953
-18.729087057 98.249205844 -9.677864886
-18.639124229 97.584453610 -9.620194905
-18.518790147 97.001634117 -9.564215679
-18.405484385 96.376184907 -9.512240200
-18.294990049 95.804476393 -9.459906764
-18.166826773 95.159237323 -9.397103677
-18.040398791 94.544149379 -9.342440593
-17.895214255 93.860349487 -9.278164244
-17.786270154 93.311388986 -9.221668592
-17.640612590 92.623420011 -9.159276675
-17.491430926 91.925305237 -9.103720363
-17.343807044 91.267716542 -9.052110926
-17.200120007 90.650887506 -8.999695045
-17.051034643 89.984116850 -8.942153886
-16.893411648 89.311576326 -8.902779960
-16.726457445 88.636603912 -8.857642241
-16.547180169 87.885990474 -8.793913628
-16.363985588 87.157828445 -8.738811126
-16.183255212 86.479160282 -8.674820056
-16.042059436 85.868610552 -8.617423374
-15.967128074 85.229509701 -8.554356237
-15.988973661 84.585555703 -8.493574018
-16.016676019 83.849145478 -8.435517589
-16.056781216 83.278456845 -8.407192947
-15.953935207 82.733428375 -8.368364936
-15.844463474 82.336743277 -8.320918450
-15.685573906 81.864170001 -8.276149040
-15.549688078 81.342060414 -8.229443533
-15.412476296 80.902091942 -8.202525073
-15.311810212 80.491680650 -8.165737746
-15.237655543 80.057071699 -8.120452528
-15.188482279 79.664869488 -8.092883221
-15.139557730 79.130330186 -8.045535140
-15.045525210 78.629029812 -7.997938749
-14.914160603 78.194360258 -7.963007351
-14.706581502 77.701101772 -7.916145111
-14.506741196 77.310201250 -7.881595759
-14.268369844 76.796923777 -7.830811035
-14.105077308 76.384055868 -7.797413923
-13.903171005 75.950306492 -7.761409708
-13.722709825 75.576163270 -7.732574370
-13.614826557 75.198268125 -7.695906495
-13.541446124 74.822184170 -7.652737008
-13.498185875 74.453849325 -7.641329171
-13.446749238 74.080115325 -7.606010907
-13.396424758 73.703988770 -7.571145586
-13.326953910 73.279619158 -7.527813697
-13.252944505 72.850306664 -7.485820747
-13.170294399 72.365417630 -7.441338381
-13.087595704 71.872085199 -7.407131705
-13.007695729 71.375268583 -7.367142124
-12.974810688 70.915028780 -7.325354572
-12.983736949 70.405945075 -7.276077381
-13.022752493 69.904774831 -7.232165250
-13.046660071 69.388354965 -7.192858630
-13.027812630 68.849926996 -7.148746024
-12.986312356 68.342559340 -7.106887582
-12.911639920 67.822446515 -7.078035633
-12.859954223 67.267346989 -7.022315789
-12.754128918 66.708133742 -6.971926636
-12.604524235 66.115559007 -6.922843723
-12.472187627 65.590054227 -6.880132551
-12.312866910 64.922104659 -6.819432484
-12.165447310 64.332972415 -6.760084326
-12.004800749 63.685147341 -6.699617792
-11.849436426 63.085380303 -6.643871318
-11.692998531 62.490207611 -6.582352568
-11.539575402 61.923565372 -6.531298512
-11.374293945 61.353798537 -6.479320330
-11.219493936 60.729718630 -6.417718477
-11.122337634 60.097862624 -6.367185670
-11.074839744 59.473112323 -6.334763205
-11.041712348 58.906649170 -6.293897121
-10.968620066 58.268238386 -6.233833859
-10.862046159 57.632562779 -6.178460231
-10.725849922 57.006204451 -6.119319831
-10.595670928 56.374999140 -6.061368961
-10.480763728 55.827004173 -6.010682640
-10.337414105 55.187350907 -5.953247300
-10.192997310 54.527910338 -5.901702895
-10.049198397 53.908673907 -5.848719777
-9.895163081 53.280367481 -5.790819096
-9.736004839 52.628554157 -5.732686021
-9.576530662 52.009101427 -5.679511249
-9.393975913 51.268289636 -5.619946260
-9.172677185 50.495299731 -5.555278663
-9.045918022 49.819209624 -5.495861528
-8.954233193 49.132775748 -5.434752456
-8.913102540 48.442199031 -5.366666541
-8.859627039 47.699384407 -5.304995926
-8.750185419 47.031443488 -5.252315588
-8.602313274 46.375619677 -5.190408274
-8.439371379 45.725996907 -5.133448512
-8.269471345 44.966266847 -5.075662249
-8.101990764 44.261298319 -5.017408573
-7.935704886 43.593859534 -4.973440569
-7.789777806 42.979615909 -4.904365421
-7.614221211 42.298491134 -4.827687500
-7.462168500 41.682780251 -4.777600298
-7.296697466 41.043269622 -4.734499355
-7.117174200 40.372861915 -4.654011993
-6.946443961 39.650476554 -4.617440020
-6.857086228 38.889474732 -4.560318476
-6.864804272 38.175070674 -4.493551805
-6.900399959 37.476578679 -4.435927463
-6.864147044 36.831651608 -4.381993207
-6.789039084 36.278017865 -4.335499676
-6.699438508 35.809611194 -4.303074580
-6.575744735 35.269423235 -4.263808311
-6.420792620 34.721152053 -4.223513717
-6.289281391 34.226048847 -4.179153461
-6.157478594 33.688255999 -4.136930740
-6.023982006 33.149228975 -4.095221661
-5.882661325 32.582802435 -4.051989333
-5.751808816 32.029685186 -4.021022008
-5.611809754 31.512606876 -3.982763335
-5.482455275 31.026864008 -3.946902559
-5.326286040 30.456277003 -3.912931015
-5.172222801 29.886098873 -3.870057276
-5.017293627 29.330256482 -3.821917846
-4.856888293 28.710029010 -3.776000400
-4.802511873 28.231141390 -3.732679263
-4.790649416 27.651788438 -3.687157974
-4.755910088 27.040727776 -3.639760352
-4.676215665 26.387936612 -3.586017825
-4.556341450 25.697794000 -3.532204421
-4.402151019 25.074838260 -3.475576084
-4.236001366 24.412932441 -3.429725620
-4.076613109 23.707452811 -3.384729319
-3.910231245 23.060185720 -3.332668392
-3.733744893 22.377990922 -3.287538023
-3.555708355 21.654212496 -3.230994592
-3.358357591 20.921795161 -3.177886594
-3.201979135 20.297878011 -3.123482383
-3.097799400 19.561145428 -3.059855562
-3.067553445 18.843998652 -3.004247287
-3.053353338 18.176982983 -2.961236403
-3.018307226 17.487121484 -2.907966498
-2.945467262 16.844217138 -2.855728094
-2.838859733 16.231734281 -2.807191933
-2.685886079 15.580909984 -2.757166350
-2.513271849 14.954616787 -2.709344519
-2.338592656 14.338690767 -2.659206055
-2.147728905 13.728531116 -2.608033094
-1.959484015 13.113125876 -2.555611941
-1.800992647 12.537642903 -2.511054885
-1.658144597 11.993754602 -2.469223858
-1.568953457 11.473465817 -2.423734591
-1.497364838 10.988381074 -2.382980272
-1.442920183 10.537668691 -2.347716819
-1.368907869 10.106327014 -2.312662579
-1.302325447 9.728361445 -2.316774818
-1.225238011 9.326770797 -2.256788275
-1.151655941 8.916594986 -2.241105271
-1.073969509 8.508173200 -2.223496770
-1.000746643 8.145137597 -2.186815889
-0.922908399 7.783626337 -2.156365435
-0.855164256 7.473268954 -2.122996639
-0.785077310 7.145537324 -2.095235899
-0.712257460 6.819902684 -2.064063738
-0.641369616 6.521852616 -2.037117855
-0.568379684 6.197182631 -2.016575843
-0.492645057 5.871410048 -1.981543376
-0.416961957 5.560955577 -1.954911816
-0.341778251 5.244986128 -1.917394429
-0.273066400 4.922474160 -1.896910147
-0.219047973 4.608057576 -1.868875357
-0.131593601 4.131974566 -1.809777622
-0.128333733 3.947566497 -1.811435703
-0.095367666 3.611922202 -1.786131549
-0.124673146 3.279989046 -1.752761301
-0.125691902 2.947479607 -1.723723903
-0.127075022 2.605865725 -1.694255992
-0.129976547 2.232195798 -1.657376438
-0.078284520 1.882732637 -1.632738524
-0.039012943 1.525471803 -1.601420658
0.050059298 1.181787966 -1.569534102
0.158825771 0.852263850 -1.545923341
0.291830497 0.528676645 -1.516619163
0.448899132 0.203698580 -1.487163447
0.580368055 -0.101127265 -1.454754457
0.725113587 -0.423227049 -1.423007217
0.864048010 -0.776114801 -1.411989657
1.015196332 -1.106125764 -1.380264049
1.097272481 -1.416357168 -1.347780750
1.162638038 -1.774697625 -1.322727754
1.220455034 -2.126502887 -1.290106649
1.276120482 -2.478352191 -1.265588461
1.301233405 -2.804425446 -1.242525980
1.343829424 -3.167353703 -1.205029344
1.392581368 -3.500270375 -1.185695084
1.424639743 -3.861899666 -1.150046360
1.447833993 -4.222873423 -1.116286627
1.455605443 -4.580059317 -1.087025170
1.456147641 -4.945333661 -1.056702699
1.460971358 -5.307789354 -1.024398539
1.463108249 -5.675243451 -0.998907281
1.479004185 -6.045942629 -0.963725882
1.496222862 -6.424253091 -0.919221358
1.509664632 -6.797109087 -0.896138155
1.521443877 -7.191176188 -0.853867840
1.528881011 -7.585827097 -0.817298114
1.574065916 -7.938848027 -0.793413737
1.579981895 -8.331431761 -0.761275745
1.586433947 -8.625676101 -0.747448909
1.608291215 -8.708282550 -0.739819612
1.608169073 -8.704812081 -0.729320954
1.594231711 -8.687770692 -0.731726211
1.609520542 -8.670403697 -0.727545265
1.607663324 -8.711755165 -0.711615051
1.573717660 -8.839916094 -0.702822937
1.526093428 -8.971408317 -0.693566054
1.488027688 -9.058410680 -0.679969833
1.455421571 -9.120393887 -0.681167278
1.418423202 -9.158162467 -0.676786654
1.389954400 -9.189308227 -0.661780623
1.353756626 -9.248925573 -0.663431192
1.320086213 -9.276133355 -0.664773531
1.280674646 -9.328526160 -0.659617521
1.239145484 -9.360876777 -0.652867528
1.193347189 -9.406628365 -0.650527161
1.140327972 -9.457238174 -0.651004184
1.088789770 -9.476224291 -0.638014486
0.994925220 -9.559525910 -0.627017373
0.846387936 -9.623193885 -0.628660107
0.726548005 -9.645117651 -0.632112851
0.575514524 -9.648054184 -0.634855349
0.424501191 -9.640076903 -0.643605674
0.282056624 -9.606783985 -0.643428763
0.133191734 -9.562712641 -0.662471778
0.083253975 -9.608298252 -0.640487612
0.100266394 -9.613077913 -0.644348890
0.113934504 -9.598780676 -0.647829350
0.118146313 -9.595150676 -0.650665911
0.111958489 -9.591432635 -0.648465796
0.112583979 -9.598912693 -0.647060063
0.116534817 -9.589727399 -0.648692413
0.111017274 -9.594032485 -0.650137900
0.114049515 -9.590230079 -0.648068813
0.087206877 -9.581445985 -0.648106172
0.052633069 -9.580173530 -0.645571397
0.049004458 -9.581574725 -0.642545859
0.063069469 -9.585664500 -0.648184696
0.055307340 -9.582731907 -0.638365625
0.054832073 -9.584273434 -0.652250142
0.062506991 -9.578852898 -0.633032868
0.056826626 -9.579854424 -0.641932011
0.061170096 -9.578534454 -0.644877067
0.063933239 -9.579936872 -0.642166626
0.053227510 -9.578824255 -0.648265880
0.058303480 -9.577231996 -0.651642226
0.054433307 -9.585474183 -0.652307723
0.055365875 -9.566919053 -0.649316674
0.053921742 -9.581157306 -0.648593708
0.052231027 -9.570109485 -0.651804476
0.054768322 -9.575052813 -0.648555891
