6.550551244 2.863355522 0.944855651
6.496059736 2.813307546 0.922800363
6.562099121 2.802539673 0.945348427
6.557998987 2.820829636 0.945998249
6.544339141 2.816637837 0.960830686
6.549317069 2.787361965 0.951245573
6.552320746 2.793536869 0.946155923
6.549871588 2.800755508 0.949455375
6.544577705 2.798797375 0.963978157
6.547983319 2.776288159 0.941913070
6.554798036 2.741834426 0.943841247
6.552565837 2.740145061 0.945628001
6.555766011 2.753209432 0.941780809
6.557752058 2.754286928 0.940671234
6.556789402 2.750826360 0.943804490
6.556935352 2.747946648 0.944703609
6.552308372 2.763863811 0.943321084
6.557075896 2.756608688 0.941062684
6.552220501 2.756834423 0.937913655
6.553932603 2.754769920 0.942483612
6.552979681 2.752766373 0.946775439
6.563041913 2.729578452 0.943084223
6.564276179 2.696916645 0.936669030
6.585150173 2.611058267 0.930263099
6.609709691 2.498665825 0.903075179
6.635884536 2.347951200 0.879793956
6.682810805 2.152315950 0.862815596
6.752586519 1.930125131 0.825973035
6.837290660 1.667542945 0.793806978
6.964141717 1.400409140 0.761457646
7.125000438 1.105080441 0.726986231
7.284990150 0.789708261 0.688175272
7.454344694 0.462054592 0.655274091
7.646370115 0.109128513 0.640772721
7.920751654 -0.189108845 0.599242679
8.169864253 -0.467577918 0.565168600
8.385004931 -0.781309271 0.529589861
8.613467609 -1.098472317 0.491365913
8.858337798 -1.392527460 0.465186526
9.111158304 -1.670988473 0.434400825
9.331081727 -2.010641761 0.383118931
9.454179659 -2.363516369 0.338812205
9.517596133 -2.675785088 0.317509779
9.589901647 -2.983933871 0.283070857
9.688109625 -3.306488799 0.255206890
9.839897547 -3.602507829 0.216399335
10.039372418 -3.867065331 0.175220684
10.224966246 -4.162046481 0.151628230
10.395089568 -4.432642653 0.118695283
10.581149001 -4.758975668 0.083897353
10.723769391 -4.978538926 0.061181846
10.935131197 -5.324027585 0.051329319
11.118437719 -5.618364533 -0.019222252
11.308981419 -5.946320760 -0.052485269
11.470226145 -6.282316263 -0.091410302
11.616254216 -6.594327439 -0.139621315
11.776327087 -6.941511428 -0.172120448
11.945820379 -7.301058486 -0.212790146
12.105102717 -7.632765063 -0.246456586
12.267983309 -7.963854009 -0.293127399
12.443747917 -8.321066559 -0.330817670
12.607063047 -8.651370479 -0.372383349
12.784511370 -9.004791453 -0.415942974
12.945199675 -9.324397296 -0.449096918
13.121703208 -9.673811888 -0.485299400
13.288010199 -10.004182386 -0.526832198
13.489000293 -10.391256399 -0.564870414
13.670016236 -10.743832924 -0.617902775
13.883733454 -11.155936551 -0.656787402
14.088189824 -11.543938380 -0.686618653
14.310101272 -11.957866618 -0.738842472
14.538741495 -12.397222371 -0.786775719
14.790694085 -12.865588783 -0.830746954
15.041229488 -13.335916533 -0.883207670
15.314949462 -13.834270806 -0.919294457
15.576726605 -14.330742298 -0.964552422
15.842207353 -14.834477729 -1.017557249
16.113321722 -15.342722369 -1.083998114
16.419145427 -15.842226423 -1.133870958
16.727486689 -16.408962454 -1.196421478
16.969662797 -16.977107406 -1.260299001
17.146845974 -17.570147813 -1.322073566
17.362097714 -18.160872176 -1.382204702
17.626303736 -18.841139827 -1.456149472
17.895835458 -19.470825524 -1.528112603
18.218872105 -20.052223383 -1.586293361
18.528744508 -20.591961893 -1.636772866
18.835127275 -21.180387759 -1.701474652
19.114507478 -21.725145669 -1.762253682
19.451406795 -22.366303045 -1.833971644
19.750642543 -22.929993157 -1.892587320
20.068427337 -23.531590982 -1.966581883
20.352666355 -24.061695531 -2.019579468
20.637404345 -24.578544112 -2.069052821
20.952008020 -25.160274964 -2.128053053
21.260348335 -25.721611557 -2.187275923
21.555691159 -26.248708082 -2.238641557
21.877048267 -26.826588357 -2.300807040
22.199684688 -27.401009895 -2.369429820
22.513417896 -27.961399403 -2.425769069
22.846227033 -28.538124669 -2.485786394
23.153687929 -29.073058501 -2.539647971
23.446662065 -29.608593966 -2.593886132
23.710109647 -30.264757239 -2.663994064
23.886779782 -30.843534631 -2.732078737
24.053024981 -31.405093139 -2.787315754
24.286019648 -32.050581136 -2.852186927
24.489500091 -32.570393831 -2.912539747
24.754405669 -33.146035392 -2.965448716
25.014838580 -33.678877594 -3.023936450
25.315383277 -34.212590942 -3.085677837
25.619798894 -34.692146233 -3.139645696
25.955255268 -35.292544532 -3.195770128
26.270900268 -35.828433338 -3.264842378
26.577460532 -36.346061268 -3.317368920
26.894012369 -36.864023536 -3.364368692
27.173771443 -37.355104203 -3.410272605
27.418466006 -37.951842871 -3.477879167
27.604890519 -38.510390539 -3.542449300
27.790645127 -39.027225003 -3.588838505
28.021941443 -39.557253582 -3.646995366
28.277260709 -40.076983520 -3.709126624
28.553562988 -40.611715186 -3.773661363
28.823099109 -41.143215400 -3.840310013
29.098133221 -41.689084551 -3.902131417
29.411362056 -42.304377863 -3.972045678
29.677307295 -42.829732381 -4.034969080
29.964685047 -43.401145598 -4.098359340
30.260979683 -43.979252828 -4.157716749
30.519689739 -44.492663760 -4.211501400
30.838277779 -45.118248101 -4.292349989
31.143286578 -45.702302070 -4.353479548
31.464361868 -46.322099523 -4.429376543
31.775412482 -46.922573096 -4.491539955
32.075947522 -47.493631404 -4.556866060
32.381270648 -48.062782842 -4.629094309
32.674927036 -48.613711258 -4.697955476
32.954597031 -49.128495767 -4.760846755
33.226472676 -49.639540936 -4.829082344
33.536540227 -50.193758905 -4.899059652
33.867936525 -50.809888573 -4.967788593
34.217545637 -51.443123817 -5.034415770
34.558811496 -52.056895806 -5.099822067
34.878036974 -52.627002131 -5.145240666
35.202116736 -53.197394553 -5.213830531
35.516936949 -53.742226818 -5.278087138
35.868743380 -54.353184304 -5.353822936
36.191620168 -54.897674425 -5.412599262
36.580548625 -55.579794865 -5.494656052
36.916376635 -56.177078700 -5.556724072
37.140534512 -56.743803188 -5.616796769
37.341428178 -57.341537319 -5.690203806
37.547536549 -57.941766702 -5.762280416
37.777012982 -58.527873990 -5.833285317
38.071686143 -59.075236688 -5.904697195
38.330433411 -59.488130044 -5.951293478
38.602342175 -60.006236160 -6.007616488
38.881574902 -60.549045191 -6.075494003
39.153914041 -61.060284040 -6.142588414
39.415410887 -61.558318811 -6.199680839
39.670191144 -62.039986795 -6.250841085
39.898170992 -62.460352126 -6.291485527
40.140855636 -62.918360587 -6.343732099
40.389001683 -63.378888115 -6.395830958
40.644609838 -63.838295064 -6.456331941
40.884231359 -64.283780126 -6.514800578
41.103685113 -64.710885521 -6.571999923
41.347074961 -65.161064872 -6.621547485
41.547484826 -65.594825956 -6.662804557
41.707556135 -66.064589173 -6.712000853
41.856564980 -66.566830107 -6.764807935
42.017471138 -67.030766575 -6.826023470
42.220907128 -67.516432563 -6.878111398
42.420642931 -67.948595378 -6.930866074
42.699481683 -68.375169491 -6.983042985
43.038818477 -68.740801643 -7.024460463
43.342164241 -69.064830118 -7.063957141
43.504473676 -69.435968038 -7.106356978
43.517902399 -69.782914917 -7.139797147
43.493365244 -70.088829673 -7.191003923
43.479765440 -70.377471570 -7.222741725
43.516583842 -70.682444499 -7.269566592
43.571995575 -70.995768475 -7.298835461
43.664410656 -71.297838162 -7.330246350
43.774435387 -71.576375019 -7.362206971
43.899320759 -71.866441411 -7.395484253
44.092848780 -72.141544181 -7.429392998
44.321423106 -72.355593987 -7.452055512
44.574679622 -72.641451092 -7.489173457
44.826598655 -72.927872829 -7.505913743
45.099111846 -73.222130526 -7.542878182
45.385837475 -73.570201561 -7.581685568
45.629542198 -73.940074529 -7.622687317
45.904370501 -74.346510628 -7.668770351
46.138901316 -74.760182799 -7.713188795
46.368342172 -75.220515906 -7.773247814
46.592851460 -75.701325759 -7.832416380
46.821140913 -76.207348984 -7.886764655
47.064716935 -76.706982410 -7.938765239
47.320828801 -77.255699290 -8.002463916
47.604095994 -77.831318843 -8.069213886
47.891114976 -78.381015573 -8.129736651
48.180157393 -78.961824531 -8.193945811
48.475682235 -79.538113171 -8.265711459
48.787638560 -80.136607772 -8.338480023
49.127783857 -80.781982237 -8.418553845
49.472687007 -81.434761595 -8.494083635
49.816093648 -82.078439667 -8.565496204
50.115519219 -82.646219229 -8.622552978
50.505715214 -83.360008243 -8.711524181
50.833393114 -83.955720162 -8.776918226
51.117031697 -84.454844551 -8.831993856
51.470093484 -85.097787792 -8.913108247
51.758106039 -85.597527428 -8.965513884
52.065928395 -86.134209747 -9.021224471
52.324665195 -86.627979447 -9.069569305
52.496533194 -87.118299892 -9.116621939
52.635399109 -87.623688853 -9.177480328
52.855204051 -88.233793281 -9.249477445
53.072391643 -88.757992652 -9.317220220
53.288237033 -89.270725216 -9.378340278
53.507165847 -89.769823498 -9.435166941
53.734912389 -90.284119501 -9.495308400
53.972332439 -90.779569849 -9.556286851
54.243542654 -91.271092752 -9.612498339
54.522503241 -91.760761600 -9.672532756
54.794005060 -92.226970119 -9.731160329
55.107177285 -92.778628965 -9.800620434
55.422117618 -93.329544618 -9.861296564
55.741511550 -93.880121528 -9.923974262
56.055008368 -94.422545314 -9.984844370
56.395025561 -95.008843926 -10.057860154
56.726208283 -95.569526825 -10.124298020
57.075989880 -96.139244892 -10.183410507
57.378085656 -96.698850502 -10.249499670
57.589391077 -97.244319192 -10.312225918
57.758391436 -97.823474451 -10.381120577
58.004826332 -98.459281532 -10.461493861
58.310574732 -99.085532228 -10.535626730
58.570250749 -99.594834324 -10.588676808
58.874707935 -100.209004384 -10.656269292
59.169303801 -100.790554444 -10.727763221
59.484788821 -101.408023371 -10.799620883
59.785939444 -101.988831045 -10.855540062
60.060609641 -102.522091450 -10.914506350
60.325512460 -103.029619338 -10.971547312
60.574587896 -103.495641274 -11.019093727
60.854135655 -104.023966246 -11.082190333
61.122095852 -104.517504207 -11.146155551
61.416375930 -105.061004658 -11.210014470
61.734621029 -105.638335840 -11.269394936
62.043596359 -106.195087348 -11.341514715
62.334867141 -106.730590920 -11.401580421
62.649674108 -107.279925056 -11.469405987
62.953911674 -107.833147563 -11.529497717
63.294213721 -108.439449176 -11.604319981
63.605837959 -108.962516453 -11.656894270
63.955844788 -109.553611371 -11.753847022
64.269518520 -110.104594202 -11.807627696
64.494346446 -110.665749582 -11.870346550
64.724286246 -111.227083105 -11.933983250
65.031059038 -111.772906073 -11.995501415
65.350697797 -112.309893677 -12.058658197
65.666960522 -112.854393084 -12.118510027
65.929459954 -113.423458409 -12.191143081
66.273898603 -113.956343058 -12.257826523
66.679203421 -114.460744746 -12.323716121
67.002628337 -114.962334487 -12.372881217
67.145068158 -115.479302583 -12.416690093
67.237465963 -116.006080344 -12.479986954
67.363371768 -116.500483779 -12.545705731
67.518908434 -117.015620561 -12.605359675
67.650198807 -117.502118588 -12.663020885
67.778585709 -117.981054367 -12.714887142
67.927743064 -118.437876061 -12.777547566
68.130421668 -118.796824264 -12.827651152
68.378952536 -119.110238831 -12.848439042
68.628951317 -119.379845655 -12.878610328
68.896458390 -119.690776501 -12.911376051
69.142159277 -119.970917382 -12.949636978
69.390062530 -120.308400033 -12.979729047
69.576646462 -120.651439615 -13.022202200
69.722618258 -121.026361936 -13.067701563
69.823700229 -121.412786865 -13.111408930
69.949492562 -121.809686621 -13.153857004
70.083770057 -122.236843105 -13.200260407
70.247916059 -122.659605268 -13.251185840
70.414426230 -123.099148750 -13.291257640
70.608538537 -123.554449194 -13.347044217
70.802409589 -124.013214364 -13.407760336
71.012221932 -124.451475485 -13.448709119
71.239032942 -124.892519745 -13.490268509
71.469455999 -125.361568002 -13.547289639
71.742220937 -125.840712077 -13.604430804
72.020788552 -126.305183200 -13.652030529
72.327412254 -126.825099899 -13.715355873
72.614098274 -127.315458153 -13.767180104
72.944556348 -127.888725468 -13.828365621
73.252447393 -128.424582775 -13.886033046
73.610519982 -129.045823887 -13.962213756
73.917082657 -129.562574373 -14.020054655
74.290890283 -130.210756366 -14.096877534
74.642034030 -130.798329524 -14.168196050
74.963367601 -131.390869024 -14.234850521
75.193016299 -131.993376150 -14.304708475
75.402566327 -132.531898777 -14.365843584
75.518291606 -132.999572851 -14.417445969
75.695023956 -133.467978557 -14.465485074
75.882667996 -134.021155512 -14.535437729
76.099112142 -134.520248336 -14.593464713
76.303274313 -135.034321575 -14.654625058
76.504105104 -135.565138150 -14.716042040
76.710708793 -136.065227621 -14.777187765
76.938073751 -136.511469145 -14.824657441
77.214677215 -136.985362674 -14.875127777
77.512430216 -137.424130838 -14.925327344
77.815977241 -137.897915270 -14.975551681
78.189595645 -138.362138420 -15.030593999
78.569109810 -138.833791309 -15.087879527
78.917999524 -139.413069809 -15.146481370
79.204236772 -139.931609784 -15.190584822
79.429972897 -140.370066521 -15.239842470
79.696620105 -140.880557885 -15.297322823
79.943576152 -141.378156844 -15.358964800
80.239451030 -141.916049906 -15.428057662
80.508931328 -142.434911694 -15.486626900
80.795626475 -142.930728041 -15.535542371
81.065896451 -143.446796021 -15.589630182
81.342781731 -143.969400971 -15.648065516
81.637944854 -144.513055177 -15.711376801
81.923677542 -145.029150005 -15.767867168
82.227158516 -145.578197537 -15.830451207
82.546325611 -146.131981412 -15.893400866
82.825268645 -146.634187772 -15.954627968
83.146602877 -147.210998767 -16.015283054
83.448338550 -147.729656059 -16.097991143
83.757749038 -148.280822006 -16.148018568
84.068502013 -148.828836895 -16.223993739
84.391412879 -149.363206740 -16.278450995
84.716204039 -149.919437800 -16.326464316
85.041279236 -150.464573155 -16.393844811
85.330887708 -151.002909404 -16.445492268
85.545485573 -151.559025625 -16.511694677
85.754180967 -152.118841691 -16.571558952
85.930097790 -152.653054267 -16.637631240
86.003362152 -153.087464952 -16.699749764
86.051420682 -153.313542860 -16.728910011
86.068518376 -153.378088663 -16.727396845
86.065590574 -153.360554226 -16.717212196
86.081552717 -153.336058591 -16.709018785
86.063126164 -153.339183700 -16.713431102
86.066383981 -153.336173177 -16.720913845
86.062865561 -153.320588370 -16.715497915
86.045001231 -153.208238976 -16.703301800
85.983631259 -152.932317818 -16.676455778
85.908014189 -152.525621972 -16.637073188
85.839780887 -151.973587916 -16.562670737
85.737912864 -151.309134152 -16.452932409
85.588067014 -150.768817223 -16.408306730
85.406065963 -150.445078846 -16.385774148
85.327537577 -150.246539456 -16.380631504
85.302945890 -150.202925921 -16.362910627
85.312667886 -150.215585369 -16.367207170
85.321917690 -150.232325716 -16.357836892
85.319889408 -150.226012435 -16.360318408
85.319559780 -150.228198225 -16.353967361
85.314109016 -150.222689275 -16.355867280
85.316456189 -150.227678059 -16.354058928
85.316552222 -150.229184363 -16.355783196
85.312769234 -150.239044917 -16.354859495
85.311247316 -150.228322239 -16.353458766
85.313156440 -150.229049703 -16.356486345
85.315764603 -150.234460679 -16.355635324
85.300405062 -150.224518793 -16.331308643
85.353058912 -150.312115651 -16.373298336
85.399894826 -150.494655762 -16.381583941
85.506115620 -150.781441808 -16.429983971
85.594663534 -151.088378890 -16.459107660
85.701090892 -151.469809856 -16.502944225
85.762721248 -151.832160420 -16.538437086
85.814383996 -152.231937173 -16.581478132
85.847032998 -152.611786107 -16.629574978
85.874201828 -153.009076537 -16.672304846
85.873124896 -153.381528352 -16.711492754
85.858250679 -153.771994521 -16.754355778
85.828208116 -154.133333006 -16.810047531
85.819559200 -154.349457455 -16.843331751
85.804125673 -154.367263492 -16.842042144
85.808345131 -154.323561378 -16.834306751
85.841418399 -154.254768291 -16.824257303
85.844688976 -153.984037915 -16.794851763
85.865050591 -153.633698374 -16.752560357
85.902290935 -153.244611977 -16.706496919
85.962795832 -152.859313090 -16.654085252
85.979459520 -152.438931142 -16.612637433
86.025847585 -152.025886456 -16.571389783
85.924198465 -151.707037477 -16.548752101
85.841449450 -151.615494101 -16.523861262
85.883256552 -151.652834943 -16.532011268
85.914012518 -151.675252430 -16.522791827
85.907629373 -151.696222374 -16.520669324
85.829407168 -151.811850717 -16.536729262
85.671106351 -151.995027855 -16.561552621
85.451092055 -152.174576934 -16.576733993
85.168340494 -152.257332174 -16.588073402
84.892500157 -152.330410793 -16.601337214
84.809819978 -152.402797989 -16.606240290
84.756673202 -152.388166153 -16.602960178
84.714570715 -152.390691285 -16.605525108
84.733274716 -152.440428073 -16.616900538
84.739340831 -152.427673435 -16.607697456
84.740959809 -152.437468780 -16.611238690
84.731257897 -152.416648798 -16.606595637
84.746789402 -152.454078376 -16.611604267
84.733572564 -152.423061411 -16.605616883
84.730375778 -152.403991203 -16.605578237
84.758711338 -152.461151555 -16.611456307
84.729137028 -152.404454530 -16.603716954
84.753361772 -152.451103622 -16.611090038
84.734162490 -152.416521394 -16.606070638
84.730896077 -152.410581649 -16.605455333
84.732868479 -152.411271614 -16.606988760
84.725131719 -152.417950075 -16.604846116
84.691892882 -152.431883074 -16.603730198
84.642079849 -152.462250551 -16.604910921
84.536725750 -152.482440325 -16.610521994
84.417916466 -152.531920614 -16.613066127
84.251005369 -152.605939671 -16.625194886
84.063001660 -152.697388191 -16.634171367
83.851911150 -152.818354245 -16.654543069
83.663510201 -152.965276249 -16.674562933
83.568447425 -153.045049278 -16.678191962
83.559035970 -153.042667936 -16.677838293
83.542790675 -153.062773425 -16.683595844
83.507146598 -153.086229934 -16.687188128
83.463942673 -153.119487729 -16.684911788
83.404472259 -153.167374192 -16.688400404
83.305373503 -153.236485547 -16.697818324
83.185860559 -153.322293069 -16.710271223
83.036397437 -153.434668388 -16.724564285
82.853124671 -153.555914481 -16.738450326
82.643146844 -153.707310015 -16.752431003
82.398392020 -153.881154284 -16.770749558
82.126579178 -154.083857432 -16.795398252
81.820891666 -154.300606022 -16.817378264
81.484322055 -154.535460379 -16.839830301
81.100387418 -154.777979963 -16.866152296
80.697047898 -155.044368147 -16.890350505
80.258136686 -155.340672923 -16.925025600
79.784816690 -155.650774762 -16.954435530
79.297474036 -155.968236470 -16.994812211
78.746361903 -156.260977245 -17.034937750
78.176589231 -156.532063420 -17.064515783
77.636641854 -156.873278062 -17.113315404
77.072838724 -157.224081356 -17.152586325
76.478331328 -157.544337765 -17.179950844
75.890861276 -157.838577728 -17.213582064
75.357363994 -158.109860346 -17.246698305
74.955700477 -158.431035202 -17.284778718
74.666778728 -158.748531423 -17.310387058
74.430608919 -159.103219505 -17.346815411
74.191342859 -159.453140609 -17.390140615
73.952935044 -159.835493347 -17.431198662
73.735462190 -160.175159830 -17.464182973
73.505108689 -160.575074486 -17.516311906
73.280663256 -160.981326609 -17.569050171
73.062649259 -161.384272317 -17.610524532
72.855485240 -161.804779324 -17.654237027
72.665052576 -162.221583666 -17.694420100
72.464288680 -162.694058747 -17.742145685
72.292882240 -163.184625434 -17.794401796
72.098523644 -163.713083708 -17.845881568
71.895581556 -164.243316117 -17.904210004
71.685721046 -164.770535459 -17.960694971
71.474467665 -165.330540504 -18.019520559
71.256558652 -165.879333784 -18.073607259
71.020634026 -166.481510542 -18.136479047
70.783419981 -167.072837085 -18.195725098
70.558394401 -167.656890956 -18.251095784
70.310860310 -168.282649840 -18.304207379
70.092558205 -168.853855018 -18.350692892
69.851710906 -169.460692388 -18.407234914
69.609196084 -170.070993466 -18.462477060
69.377938370 -170.677768654 -18.518383894
69.125516284 -171.307580816 -18.579211319
68.882184329 -171.910979995 -18.643788631
68.631596972 -172.516663837 -18.703076572
68.406140680 -173.094120881 -18.755871489
68.179443123 -173.663853934 -18.815415560
67.917753874 -174.312130303 -18.885794148
67.655048421 -174.962258826 -18.951165832
67.409183788 -175.581619611 -19.006109461
67.179068170 -176.158820122 -19.050901965
66.949711948 -176.733562900 -19.093231679
66.745216796 -177.265934587 -19.139941482
66.516960881 -177.843956388 -19.196849383
66.303823434 -178.376385290 -19.245345609
66.068956364 -178.942991003 -19.303632641
65.871307396 -179.482435550 -19.346407202
65.669917038 -179.944264369 -19.383740079
65.407479991 -180.453968588 -19.423714038
65.163323501 -180.855255129 -19.459385357
64.881666023 -181.377991547 -19.509953682
64.609882331 -181.892490208 -19.564579287
64.333267990 -182.405335344 -19.613328763
64.067710039 -182.895009146 -19.666034884
63.803254621 -183.384681613 -19.714946351
63.542449878 -183.852002667 -19.757736745
63.308858722 -184.272613514 -19.796982353
63.067434680 -184.746642571 -19.840417915
62.846797354 -185.241106309 -19.882685739
62.655838247 -185.694867951 -19.931789093
62.447713287 -186.178625476 -19.976924504
62.248791030 -186.634646973 -20.022206073
62.061823214 -187.071842726 -20.068492421
61.861258235 -187.532900294 -20.110234574
61.668482659 -187.965490052 -20.154825484
61.498601887 -188.366222596 -20.202622296
61.326004266 -188.810133057 -20.250649361
61.161351024 -189.282203126 -20.292001123
61.015812216 -189.705563520 -20.330574179
60.820371690 -190.264579608 -20.385141872
60.697579002 -190.651510814 -20.424148897
60.508958753 -191.199236656 -20.462060124
60.315349111 -191.767868558 -20.522709138
60.129256514 -192.328639920 -20.586386757
59.881861938 -192.953067311 -20.634776170
59.619637846 -193.453087864 -20.683430064
59.294941262 -194.070086471 -20.753324202
58.978167479 -194.670914361 -20.814786731
58.665131663 -195.240284512 -20.871485513
58.363209753 -195.844168610 -20.926531333
58.116143118 -196.462839627 -20.988588565
57.877060482 -197.121617841 -21.044363848
57.630588918 -197.760097775 -21.106344290
57.375095338 -198.377343567 -21.155926511
57.107059833 -199.034426149 -21.225209679
56.860676598 -199.639414416 -21.274958322
56.664017712 -200.129659555 -21.320148214
56.448320489 -200.665138414 -21.376773521
56.242597868 -201.180945319 -21.417781883
56.074676565 -201.617579937 -21.448441591
55.904747103 -202.049354055 -21.490982833
55.739729020 -202.478241399 -21.529311590
55.555637187 -202.938433597 -21.576375792
55.314841194 -203.402735145 -21.622794852
55.090398149 -203.854366051 -21.665661270
54.895613029 -204.259323523 -21.702244752
54.684694056 -204.675618461 -21.738144051
54.483148977 -205.103352064 -21.772579530
54.227990940 -205.627462478 -21.817678775
54.009823636 -206.054058010 -21.852713014
53.778497634 -206.525625454 -21.896344192
53.588361202 -206.979385812 -21.939768442
53.325963639 -207.567630587 -21.954513554
53.078116447 -207.947912210 -22.039000387
52.911671132 -208.360758109 -22.085224780
52.720952425 -208.872807324 -22.144805474
52.449391152 -209.341821969 -22.202405040
52.194620623 -209.859523189 -22.245579854
51.977277565 -210.368273372 -22.282872383
51.789822967 -210.826205841 -22.329049941
51.564233173 -211.358407488 -22.372607584
51.337752482 -211.903578460 -22.417607656
51.119826630 -212.422687050 -22.466298380
50.911811392 -212.908682261 -22.506551834
50.722877167 -213.362995178 -22.549044002
50.501112015 -213.889691182 -22.592672606
50.288163375 -214.398336661 -22.650046560
50.076162052 -214.908372537 -22.702999856
49.863516468 -215.412396942 -22.752037470
49.659281186 -215.915540649 -22.800564376
49.442886404 -216.425358309 -22.853951545
49.233994845 -216.929294060 -22.904353362
49.032524098 -217.406646221 -22.939984113
48.823984513 -217.904489502 -22.979289320
48.614524226 -218.394141069 -23.019674694
48.366626267 -218.972654710 -23.073878206
48.123924894 -219.548326449 -23.134226311
47.896660919 -220.068762621 -23.190662759
47.675680784 -220.582655917 -23.235978560
47.414158410 -221.192529538 -23.293113458
47.167823174 -221.752442911 -23.342620451
46.962693822 -222.216332616 -23.375829075
46.777738224 -222.648631984 -23.411822276
46.550418410 -223.159212904 -23.455857374
46.327127992 -223.655192139 -23.501109319
46.147849688 -224.117313168 -23.543997264
46.013668359 -224.617372338 -23.609623478
45.891718255 -225.163661905 -23.667736058
45.755516580 -225.685259422 -23.737867375
45.597686784 -226.194801529 -23.777842190
45.389612496 -226.651555422 -23.818912113
45.121343044 -227.054743616 -23.850924651
44.911782241 -227.353043845 -23.879958966
44.675910671 -227.655552749 -23.911070043
44.463361613 -227.915076226 -23.941630979
44.223272626 -228.290226242 -23.977127729
44.009280680 -228.678836715 -24.008965129
43.784121308 -229.078028398 -24.041086133
43.572768309 -229.488563264 -24.073660678
43.356371585 -229.932212669 -24.111066929
43.140592621 -230.406683621 -24.151669924
42.943249221 -230.882078390 -24.196165079
42.770999627 -231.335224719 -24.233226478
42.600869235 -231.802693224 -24.272417823
42.409248972 -232.314868175 -24.315734848
42.210935904 -232.832852158 -24.353472490
42.020585203 -233.352496282 -24.395019767
41.824620801 -233.879436301 -24.443961936
41.623935710 -234.404884619 -24.486486080
41.421441054 -234.946397586 -24.529194258
41.185040210 -235.555472052 -24.584453176
40.966581818 -236.127347581 -24.630788369
40.777835116 -236.636083660 -24.664358420
40.551843837 -237.222655736 -24.717814399
40.361552668 -237.731456930 -24.765870425
40.212535326 -238.150606116 -24.801856741
40.076423980 -238.520785364 -24.846989852
40.050228439 -238.624877915 -24.879236973
40.037032806 -238.623737306 -24.894731007
40.051305172 -238.617051276 -24.903213146
40.052926760 -238.602965461 -24.914407787
40.042819926 -238.617446746 -24.923381728
40.043749109 -238.624906185 -24.929517016
40.037167344 -238.632582480 -24.931130311
40.028620173 -238.646659761 -24.933836571
40.025659727 -238.657302951 -24.936027352
40.013149737 -238.673909504 -24.938483134
40.012314540 -238.679806895 -24.941053949
40.003952016 -238.692693927 -24.942601650
40.000226459 -238.701785242 -24.945490652
39.999366100 -238.708683415 -24.947620473
39.994616694 -238.715281110 -24.949564595
39.995072152 -238.718655217 -24.951380232
39.992148284 -238.725250284 -24.952805944
39.985051648 -238.736006835 -24.953816958
39.988079324 -238.735112494 -24.955170351
39.987123042 -238.738350712 -24.956025923
39.982997787 -238.742768567 -24.957030003
39.985089943 -238.746243604 -24.957102770
39.983816847 -238.751246581 -24.958501199
39.976987103 -238.759043296 -24.959723502
39.982893033 -238.763321848 -24.959982901
39.971010759 -238.769505658 -24.959997742
39.972807262 -238.767901102 -24.960483775
39.973836156 -238.768102462 -24.960059794
39.972251470 -238.772968743 -24.960751714
39.972057501 -238.773319065 -24.962038958
39.975222766 -238.775984313 -24.964164154
39.970530976 -238.781429754 -24.964812191
40.011601982 -238.715655246 -24.953277788
40.129937006 -238.532704579 -24.948967877
40.186856756 -238.241243240 -24.937320642
40.178949304 -237.927792204 -24.908204865
40.179986657 -237.740476154 -24.885326641
40.174771411 -237.707580135 -24.878064864
40.178442483 -237.708842379 -24.879852619
40.169788369 -237.712449238 -24.877664716
40.177014118 -237.709050299 -24.877202317
40.171652060 -237.714201466 -24.877793084
40.163327557 -237.719639063 -24.879292628
40.161392540 -237.723394826 -24.879882531
40.163479093 -237.727468423 -24.880157824
40.161235275 -237.730102231 -24.878501927
40.165317368 -237.727437327 -24.876011685
40.168009321 -237.728241456 -24.879924873
40.174655303 -237.725436535 -24.878172619
40.205651312 -237.643233154 -24.869646511
40.237115995 -237.429081678 -24.860054670
40.219840010 -237.219066574 -24.826965871
40.161872067 -237.129015216 -24.814789756
40.155629151 -237.125025950 -24.805938727
40.159463053 -237.133791801 -24.805030771
40.164474261 -237.122881425 -24.803157143
40.163205797 -237.116937301 -24.802363035
40.164453992 -237.115777251 -24.805156766
40.178668034 -237.113568007 -24.808315465
40.166922134 -237.058416785 -24.803630143
40.122312227 -236.831993625 -24.792537892
40.009667679 -236.553435223 -24.749621154
39.886039383 -236.346671295 -24.723409745
39.979126950 -236.368418041 -24.739013755
40.005648638 -236.364843612 -24.727560221
39.989931029 -236.347425248 -24.733655542
39.981450894 -236.366499326 -24.734313319
39.981979430 -236.341308687 -24.736000935
39.984853143 -236.365455808 -24.738404109
39.986282640 -236.357397491 -24.733841301
40.059044540 -236.412350235 -24.737584645
40.217686205 -236.471060047 -24.744654096
40.401404396 -236.491691061 -24.738877057
40.510685013 -236.524691674 -24.738131037
40.514428188 -236.529957263 -24.746115740
40.502923817 -236.515701578 -24.744126588
40.494757878 -236.510739514 -24.743674402
40.497496752 -236.512871953 -24.746155455
40.497015470 -236.513596735 -24.743312616
40.496296508 -236.510016684 -24.741202070
40.482014898 -236.497976478 -24.740706138
40.385202174 -236.456494138 -24.732555930
40.162173262 -236.367636726 -24.719156246
39.946075901 -236.336856358 -24.706219111
39.949271355 -236.352499353 -24.741025173
39.983381907 -236.339267804 -24.722134882
39.974275256 -236.328676609 -24.719882953
39.964277574 -236.329505419 -24.723477274
39.971951964 -236.330416937 -24.723951887
40.002650239 -236.325391452 -24.720699968
40.120203542 -236.336196028 -24.727500408
40.342300817 -236.279196556 -24.730403528
40.623713646 -236.183639395 -24.727062457
40.877603596 -236.020105052 -24.707213990
41.036516008 -235.913654872 -24.696349387
41.066589988 -235.892846670 -24.695853390
41.046800165 -235.910368886 -24.693150636
41.037608349 -235.923992245 -24.696522059
41.032563726 -235.921013865 -24.706553927
41.109178809 -235.833749760 -24.701242440
41.236284123 -235.705464841 -24.680822445
41.319778663 -235.632519158 -24.667084815
41.332547342 -235.625821081 -24.660792480
41.325204539 -235.636966485 -24.656286478
41.324768479 -235.627496859 -24.671410446
41.403890786 -235.526579360 -24.667184871
41.500618244 -235.344925197 -24.640845035
41.610733844 -235.201584085 -24.615108076
41.637401449 -235.166881270 -24.609842598
41.635842732 -235.177315077 -24.606205036
41.622432361 -235.192254771 -24.606707038
41.616084570 -235.198474775 -24.607562612
41.617553905 -235.199729706 -24.607369595
41.622141014 -235.199507601 -24.605123145
41.615567859 -235.201545626 -24.603090945
41.616696312 -235.204398227 -24.602611420
41.618003105 -235.202155169 -24.600924797
41.633894723 -235.174678718 -24.597026311
41.675412774 -235.122202138 -24.592695260
41.738958453 -235.037079921 -24.585374428
41.823316559 -234.916299368 -24.574369841
41.929786848 -234.768428105 -24.561434476
42.045204338 -234.569632030 -24.549921708
42.166645708 -234.326322299 -24.530975740
42.294496157 -234.042068140 -24.505359393
42.404165500 -233.707605029 -24.477362533
42.494547184 -233.328261544 -24.439159251
42.624157155 -232.927911129 -24.402259820
42.768609552 -232.498578936 -24.363779830
42.931175752 -232.042469540 -24.324362224
43.082504857 -231.564860976 -24.276550129
43.265879937 -231.046765329 -24.232011240
43.440455036 -230.533882142 -24.185884015
43.621758117 -230.003783998 -24.133689816
43.809632688 -229.461298467 -24.077436561
43.990545294 -228.902021961 -24.019573368
44.118389210 -228.326708068 -23.969511599
44.272848444 -227.766276981 -23.929918753
44.479982489 -227.329487772 -23.894242555
44.724783016 -227.028094737 -23.878643504
44.992464681 -226.799591089 -23.859644024
45.255559083 -226.574825422 -23.839976203
45.463430568 -226.307180810 -23.813691143
45.619712711 -225.988363196 -23.780927742
45.727645510 -225.733505161 -23.753933955
45.878780870 -225.396424760 -23.716112748
46.012620185 -225.072239092 -23.683168000
46.154609024 -224.730769927 -23.648809527
46.283413739 -224.377288898 -23.617015210
46.425018230 -224.008985378 -23.578570955
46.584277306 -223.610020333 -23.542201526
46.752183751 -223.186355085 -23.497939556
46.936459345 -222.738647064 -23.449914748
47.128196685 -222.272634769 -23.403816320
47.326170584 -221.804460508 -23.362557858
47.542149571 -221.309397053 -23.316989720
47.756111605 -220.795067671 -23.274881995
47.962066923 -220.292651985 -23.226480215
48.133477941 -219.754890015 -23.176930884
48.314032881 -219.194013215 -23.128638679
48.514165836 -218.610669799 -23.074026222
48.697508815 -218.038718975 -23.014985714
48.889239915 -217.463193019 -22.966440503
49.084973901 -216.875472319 -22.914307868
49.274494400 -216.297310935 -22.854608532
49.505213756 -215.650395882 -22.789857038
49.791115975 -215.055602038 -22.732575558
50.115524084 -214.522630312 -22.678831610
50.417024293 -213.963169186 -22.627243434
50.717056654 -213.421083634 -22.577403566
51.027089871 -212.848941352 -22.530656115
51.326904649 -212.263579057 -22.482631876
51.597738667 -211.656146433 -22.425870780
51.847862027 -211.034680554 -22.367311683
52.089533735 -210.435838876 -22.311584007
52.319045559 -209.858076784 -22.254020190
52.562770273 -209.270093222 -22.197752632
52.802333634 -208.704816705 -22.138273349
53.046487941 -208.183465744 -22.080243022
53.261645145 -207.664499957 -22.036267351
53.447435484 -207.161115107 -21.968489200
53.600854066 -206.639834433 -21.903924978
53.763072080 -206.128857881 -21.903569209
53.921612075 -205.622331839 -21.844552966
54.132970685 -205.127622456 -21.801879560
54.365094448 -204.653938353 -21.767298395
54.597538660 -204.167717939 -21.730935364
54.823843940 -203.695805159 -21.679592561
55.089123094 -203.124147574 -21.611336062
55.297983243 -202.671074627 -21.562050266
55.546895265 -202.142092228 -21.508127630
55.795659665 -201.610254529 -21.448140626
56.039681519 -201.093445768 -21.403769858
56.259616263 -200.624069846 -21.363809566
56.534575769 -200.040747280 -21.303611990
56.810420306 -199.445570818 -21.252382057
57.061839066 -198.915599162 -21.198495468
57.362595775 -198.267193570 -21.134639977
57.701940519 -197.500208604 -21.080684784
57.964040827 -196.870009825 -21.018823484
58.235610260 -196.188427097 -20.962144452
58.526731054 -195.486659700 -20.907608823
58.780171916 -194.880181188 -20.877412392
59.027238019 -194.303739801 -20.823157363
59.254878350 -193.774454230 -20.763990159
59.414638349 -193.399523390 -20.713081580
59.594336565 -192.980369979 -20.671928226
59.762617744 -192.592094946 -20.636361417
59.896458781 -192.281545471 -20.616337493
60.084328455 -191.859556823 -20.583576026
60.310302697 -191.348633175 -20.536362407
60.503906205 -190.919440173 -20.485962595
60.732794364 -190.412565506 -20.432053231
60.992154596 -189.845140299 -20.366465113
61.279332662 -189.213100513 -20.298131115
61.562176009 -188.592047902 -20.222777107
61.959431833 -187.713381619 -20.129649990
62.264532559 -187.058286904 -20.048267235
62.560179360 -186.422155505 -19.977012299
62.845870150 -185.816783036 -19.916286136
63.108551204 -185.249280929 -19.860800730
63.378365166 -184.675251184 -19.809209217
63.631707095 -184.132632552 -19.774054290
63.893493868 -183.563430096 -19.728019707
64.154997433 -182.999656673 -19.674345321
64.453928675 -182.351704941 -19.615928625
64.687067926 -181.837686619 -19.564233580
64.904180503 -181.334134945 -19.516397974
65.114294448 -180.765345086 -19.465624581
65.328053254 -180.203542594 -19.418496951
65.486479693 -179.777839971 -19.383127170
65.622197893 -179.404637229 -19.350735439
65.816414003 -178.886669303 -19.312557022
65.968012422 -178.463655279 -19.268079867
66.111748356 -178.051211052 -19.229412200
66.269101479 -177.606128119 -19.193403845
66.419897548 -177.169295732 -19.154497417
66.588074569 -176.708006335 -19.110011804
66.764418253 -176.190785313 -19.072518809
66.968144541 -175.688287812 -19.029941693
67.190557716 -175.221992789 -18.985048369
67.446777156 -174.764944472 -18.941861852
67.725909347 -174.271007262 -18.889219765
68.018415859 -173.753419568 -18.837434181
68.243521990 -173.333395385 -18.798468860
68.461607890 -172.833323404 -18.750236434
68.722062328 -172.189414862 -18.683585721
68.972833490 -171.579580347 -18.629291413
69.228245655 -170.954037352 -18.579615127
69.474361792 -170.339448577 -18.524980864
69.702188973 -169.763105088 -18.474878237
69.903346735 -169.255581575 -18.432469380
70.118967831 -168.711640314 -18.380826539
70.328084209 -168.181236180 -18.331489267
70.550839222 -167.618723531 -18.278582350
70.759795068 -167.084621299 -18.229264085
70.924229356 -166.642543092 -18.183427040
71.156321066 -166.052998315 -18.123521613
71.362683384 -165.507709312 -18.061959752
71.577122063 -164.972186175 -18.006604749
71.828793146 -164.461096221 -17.956654038
72.108647301 -163.963694712 -17.907531466
72.411990474 -163.420669928 -17.856256976
72.689672505 -162.908409512 -17.802004407
73.014073810 -162.298137546 -17.735389079
73.273353056 -161.787256176 -17.678832652
73.505769987 -161.282407371 -17.620649262
73.734601155 -160.740571255 -17.561369113
73.982061297 -160.168701409 -17.489442698
74.151528270 -159.744130323 -17.432640039
74.371346688 -159.251312438 -17.389114062
74.608648663 -158.914320972 -17.341423184
74.887433064 -158.605829994 -17.308099208
75.182005325 -158.327717101 -17.280972398
75.520160590 -158.079990098 -17.258133795
75.851162008 -157.825857037 -17.214213142
76.196062220 -157.606586160 -17.187421407
76.579153731 -157.361557092 -17.161594152
76.952260955 -157.125048521 -17.132160242
77.364174229 -156.852503789 -17.104543312
77.784876152 -156.584799900 -17.066044241
78.233631458 -156.277644475 -17.035503127
78.674328515 -155.993268337 -16.998160571
79.152646041 -155.673408997 -16.957085952
79.648197844 -155.337662031 -16.924844338
80.140802574 -155.012584530 -16.892464489
80.632833322 -154.684611766 -16.854289029
81.168663361 -154.410231585 -16.838489410
81.710815978 -154.244754893 -16.822488114
82.245987642 -154.145572600 -16.807130006
82.781761605 -154.021678963 -16.792610095
83.312757522 -153.907128679 -16.781040954
83.816561897 -153.743636716 -16.766608157
84.213814202 -153.550333017 -16.755857100
84.415730623 -153.483190001 -16.755345548
84.445799951 -153.465688359 -16.737795472
84.433229307 -153.476192832 -16.732827192
84.418673987 -153.483990982 -16.720043783
84.420433765 -153.483702362 -16.724900843
84.418970951 -153.478979808 -16.733308416
84.421249545 -153.483132582 -16.729915144
84.419261716 -153.468775988 -16.733735554
84.423457231 -153.483700575 -16.722098584
84.557590043 -153.418942220 -16.729048323
84.830061184 -153.295147800 -16.707574117
85.211160815 -153.100464755 -16.683208244
85.707164794 -152.801606073 -16.652113040
86.282385161 -152.459658626 -16.602002508
86.251834765 -152.412134635 -16.588595333
86.128416366 -152.464827326 -16.617903507
86.058478021 -152.499747141 -16.622696442
86.050722148 -152.513061559 -16.616222026
86.045331370 -152.500448197 -16.616856845
86.053667095 -152.494930923 -16.615045315
86.047452447 -152.493294077 -16.627676697
85.934378966 -152.541557541 -16.630308658
85.703970278 -152.664499970 -16.633129504
85.355688112 -152.835403846 -16.650705341
85.015122025 -153.002426264 -16.670736533
84.832039047 -153.092586159 -16.688854208
84.818246953 -153.109007522 -16.691341440
84.810373410 -153.102832131 -16.681790115
84.810042168 -153.093677594 -16.675389632
84.830268964 -153.091164869 -16.679609431
84.829738299 -153.093158769 -16.679912082
84.811480847 -153.095029019 -16.678785922
84.819617105 -153.098308613 -16.682490269
84.816750220 -153.097012742 -16.682748868
84.822623675 -153.094492662 -16.680338854
84.813507809 -153.096736289 -16.685114568
84.821219979 -153.094762445 -16.684997303
84.816539205 -153.106338516 -16.685508685
84.870107824 -153.064978509 -16.676927706
85.008635813 -152.959632947 -16.671678658
85.182064801 -152.754204014 -16.656898962
85.337475082 -152.467876733 -16.621792297
85.414799855 -152.128217518 -16.578668301
85.387056109 -151.769377382 -16.536947332
85.269291743 -151.424022596 -16.500424857
85.038620387 -151.112810505 -16.464760648
84.744933451 -150.896574454 -16.449143191
84.421868968 -150.772479938 -16.424640292
84.303188206 -150.695955969 -16.422448347
84.345921886 -150.714964553 -16.420987831
84.400466405 -150.740787898 -16.419995932
84.396201203 -150.739577970 -16.420174138
84.356043866 -150.714775193 -16.418531717
84.360805404 -150.703553601 -16.395154362
84.362934347 -150.726365545 -16.417333747
84.384496862 -150.730103565 -16.421781119
84.406564033 -150.732437533 -16.404510655
84.382843969 -150.732043131 -16.419192024
84.391714775 -150.736760490 -16.416796683
84.394161382 -150.742929577 -16.421810239
84.389748486 -150.740353455 -16.418553894
84.388255373 -150.740580990 -16.417230256
84.387950462 -150.740633247 -16.415907156
84.390548139 -150.746522742 -16.411634663
84.385595905 -150.745862290 -16.416165276
84.384604804 -150.748817772 -16.409635697
84.383497226 -150.742909407 -16.412599084
84.378229372 -150.740708397 -16.416216142
84.386196908 -150.751426955 -16.419523843
84.388676667 -150.752631753 -16.418275514
84.387950030 -150.759842930 -16.419701124
84.384678131 -150.749021735 -16.423198904
84.409593561 -150.771794035 -16.431714750
84.452905439 -150.778802297 -16.424501974
84.525664299 -150.802928448 -16.429981877
84.572182452 -150.834832617 -16.436692884
84.571585685 -150.842156111 -16.433738321
84.554979330 -150.826234049 -16.439665972
84.597562492 -150.834039598 -16.443903580
84.748276559 -150.806870851 -16.436061265
85.005580013 -150.897534093 -16.444646248
85.179268416 -151.006436667 -16.453861780
85.230766692 -151.091762395 -16.468050561
85.235631446 -151.081054859 -16.461301924
85.224865332 -151.076076721 -16.469270586
85.231362882 -151.054351732 -16.457472037
85.224165159 -151.051194189 -16.462392198
85.226879828 -151.044322039 -16.456945918
85.226333917 -151.049821129 -16.457924541
85.227189498 -151.051848956 -16.463549007
85.219831674 -151.048767678 -16.461431409
85.187224307 -151.032551341 -16.458403370
85.141469283 -150.986151565 -16.450496667
85.075192566 -150.938674077 -16.447224982
84.997488770 -150.882389250 -16.445176188
84.884296099 -150.768148306 -16.425977955
84.747356420 -150.635275443 -16.415080790
84.594486481 -150.491202737 -16.399135429
84.431490949 -150.305452859 -16.367147566
84.224205429 -150.097374014 -16.356745914
84.029193470 -149.871181822 -16.334853574
83.827768238 -149.603232719 -16.294506896
83.642032961 -149.303488877 -16.247528780
83.451890751 -148.968999300 -16.224759069
83.268980381 -148.609013858 -16.185964639
83.064975000 -148.208103045 -16.140229713
82.862838699 -147.774928262 -16.090822910
82.631643238 -147.338571925 -16.039400076
82.410839369 -146.881090731 -15.984827177
82.186938638 -146.398336352 -15.921443238
82.021763546 -145.892617350 -15.862414712
81.826356032 -145.366223716 -15.809764621
81.631281055 -144.827826763 -15.751582481
81.409197022 -144.279400131 -15.688379224
81.176276623 -143.733714414 -15.628863918
80.904993706 -143.183341641 -15.566645348
80.595787541 -142.623803938 -15.503862194
80.299160155 -142.079359654 -15.446394872
79.965821689 -141.475333736 -15.373709464
79.619264692 -140.867102970 -15.296070781
79.310753832 -140.234188991 -15.226242166
79.038783068 -139.567942516 -15.153494338
78.767181441 -138.968736394 -15.090676898
78.445649753 -138.411697287 -15.036191465
78.083092168 -137.921487968 -14.987123294
77.688974655 -137.412837794 -14.937147219
77.303674876 -136.931035982 -14.884794168
76.931138995 -136.467579178 -14.831300299
76.637660901 -136.040396107 -14.776006154
76.404402814 -135.614837622 -14.722747499
76.246051256 -135.227309191 -14.670681753
76.069561078 -134.832456890 -14.620185547
75.907319555 -134.463296807 -14.579502296
75.726438741 -134.078313809 -14.533858387
75.569808134 -133.740295919 -14.490160673
75.431857961 -133.434707957 -14.463947339
75.250784639 -133.083207009 -14.424089745
75.063610837 -132.698843460 -14.387307444
74.874090649 -132.328061664 -14.350057194
74.660282145 -131.904581911 -14.318484172
74.435681674 -131.491544264 -14.265015978
74.204030323 -131.068959193 -14.207028979
73.933754049 -130.567664950 -14.146745800
73.664860090 -130.097708861 -14.083774546
73.399578797 -129.575456571 -14.026473999
73.201702433 -129.063847678 -13.966480631
73.022704848 -128.547675936 -13.906313856
72.842132991 -128.018206068 -13.848059852
72.629155978 -127.470169918 -13.793821685
72.417388471 -126.905464603 -13.730480292
72.159920806 -126.277557888 -13.658045448
71.901237975 -125.635572411 -13.587208533
71.637783154 -125.073928873 -13.521185002
71.375535633 -124.592246210 -13.456749693
71.123219829 -124.080818223 -13.396430422
70.810817749 -123.514753761 -13.337981455
70.374470632 -122.884132526 -13.268713813
70.096568631 -122.404334598 -13.216045815
69.898647116 -121.905126690 -13.166012351
69.757365980 -121.545917294 -13.139601818
69.578179516 -121.035966917 -13.097995515
69.436655090 -120.605164158 -13.033187345
69.264397735 -120.118560856 -12.976360510
69.118547830 -119.714741707 -12.913125002
68.930247502 -119.208477008 -12.875044943
68.721087583 -118.775467566 -12.826883168
68.494358464 -118.356498911 -12.779954630
68.282547802 -117.903739952 -12.727269173
68.053875337 -117.479836334 -12.658989679
67.828509071 -117.011652078 -12.618096345
67.588515629 -116.521621919 -12.558787363
67.345042620 -116.043742859 -12.498725123
67.083418074 -115.551059393 -12.452793106
66.779936537 -115.055260093 -12.391868072
66.506120272 -114.527651046 -12.334733798
66.271923551 -113.989157635 -12.269450755
66.060407492 -113.422754206 -12.213961408
65.835394952 -112.862174284 -12.135720270
65.587805482 -112.328965588 -12.076634347
65.333166298 -111.808518359 -12.016876603
65.047205273 -111.322018639 -11.953574630
64.730523087 -110.843741371 -11.903882947
64.397099226 -110.372505284 -11.862346818
64.048931489 -109.931261158 -11.802564104
63.699908587 -109.402933754 -11.739071305
63.408105934 -108.873819207 -11.686076616
63.121889247 -108.330301628 -11.606337205
62.836447704 -107.807140752 -11.547088958
62.533185725 -107.259092307 -11.484902911
62.212631667 -106.667345226 -11.414526986
61.888724847 -106.077915583 -11.338198701
61.580405968 -105.530038854 -11.274194181
61.274947911 -105.004747493 -11.217367423
60.955700030 -104.458527443 -11.147849582
60.630538176 -103.848129202 -11.085296004
60.374917692 -103.204807435 -11.012001764
60.202955342 -102.580928029 -10.944829952
60.003805981 -101.952231568 -10.870078831
59.731291346 -101.422669006 -10.814819986
59.369384847 -100.943447605 -10.768452578
59.088727587 -100.563230668 -10.713107699
58.835585238 -100.123659343 -10.664746161
58.628961260 -99.658666684 -10.609153305
58.421058782 -99.266122932 -10.563260403
58.191403008 -98.838658595 -10.517692380
57.957938556 -98.387517106 -10.468274150
57.699764895 -97.910558081 -10.414191187
57.415974507 -97.395171723 -10.349677754
57.111982928 -96.850518962 -10.282333019
56.837677466 -96.368703296 -10.219515615
56.516403813 -95.806563924 -10.153691210
56.217669627 -95.294836153 -10.092279692
55.913590107 -94.785167164 -10.032993621
55.622461164 -94.256835504 -9.972541799
55.408745453 -93.659757708 -9.905224668
55.221495148 -93.094504189 -9.841098770
54.987418277 -92.511410951 -9.779577993
54.720485287 -91.897401936 -9.708485736
54.446425622 -91.370382382 -9.641897139
54.167726008 -90.800311073 -9.578089833
53.906208458 -90.281231317 -9.515137346
53.607650587 -89.696433888 -9.440448281
53.319054579 -89.139947218 -9.374569600
52.993687108 -88.522647900 -9.297956188
52.739707708 -88.025178504 -9.231347524
52.412799656 -87.403935029 -9.156530304
52.079903634 -86.773662101 -9.088398529
51.759509132 -86.181864104 -9.025141000
51.453872851 -85.628271978 -8.961946952
51.129476037 -85.028209054 -8.892581875
50.795674268 -84.424330006 -8.841470972
50.452115795 -83.820794725 -8.784801693
50.075929840 -83.148321732 -8.708080480
49.702198395 -82.498251582 -8.640627944
49.343996550 -81.895439205 -8.565413052
49.042349621 -81.347375071 -8.497323005
48.796691638 -80.754185338 -8.421034672
48.642948051 -80.130238121 -8.344217305
48.469982830 -79.415625078 -8.267739940
48.354224474 -78.856307893 -8.224609374
48.107535611 -78.360443388 -8.175580974
47.894269048 -78.009434669 -8.121687698
47.613027013 -77.598570523 -8.070023448
47.340543792 -77.133893102 -8.014593755
47.089322984 -76.748043509 -7.980947681
46.881052365 -76.381126902 -7.937131357
46.691612602 -75.984048706 -7.883503160
46.538013520 -75.620537487 -7.847901608
46.345892868 -75.120536897 -7.789108808
46.119295255 -74.664668959 -7.732122798
45.874968895 -74.282594291 -7.690433608
45.541232078 -73.864969138 -7.637537389
45.242781159 -73.543426836 -7.599188786
44.873923148 -73.114926994 -7.542749636
44.604763490 -72.762376633 -7.504006758
44.292746523 -72.400183538 -7.463232601
44.017585859 -72.089389057 -7.430456827
43.811131803 -71.755712299 -7.387741954
43.638252403 -71.414703376 -7.337612257
43.497107362 -71.072084752 -7.318569818
43.346148341 -70.727198752 -7.275731207
43.195624547 -70.379696588 -7.233256782
43.013493478 -69.991156909 -7.181696068
42.825687944 -69.599037729 -7.131481086
42.614535273 -69.155813857 -7.077684123
42.401269636 -68.704159783 -7.033954440
42.189641881 -68.248576277 -6.984284113
42.033100020 -67.815622027 -6.932385951
41.903498201 -67.324635403 -6.870665287
41.805107829 -66.833014217 -6.813657961
41.688155842 -66.330632375 -6.761307586
41.524011009 -65.818703782 -6.704816832
41.346472604 -65.342697486 -6.651955806
41.133826554 -64.862940205 -6.612710382
40.933336287 -64.344144917 -6.545134543
40.679720953 -63.835779720 -6.484295097
40.374991366 -63.307025959 -6.425179192
40.105091651 -62.838003523 -6.373560711
39.770458335 -62.239653867 -6.301295664
39.468551228 -61.713941271 -6.231943281
39.138069495 -61.135314791 -6.160431931
38.825720670 -60.601389395 -6.094644657
38.513458821 -60.072352409 -6.023229274
38.212001274 -59.569650798 -5.962872823
37.898265803 -59.067157164 -5.901848148
37.579789015 -58.509853358 -5.829609743
37.314940729 -57.929228752 -5.766640380
37.100186644 -57.341540999 -5.720556490
36.914804153 -56.806362093 -5.667034443
36.671163942 -56.213250294 -5.593713298
36.396120589 -55.631628452 -5.526076981
36.094991408 -55.067054778 -5.455725406
35.798373569 -54.496160918 -5.386278516
35.539031446 -54.001046074 -5.325664553
35.227466939 -53.425544043 -5.256896806
34.909662448 -52.831099127 -5.193570445
34.603258138 -52.275236844 -5.129754835
34.284453945 -51.713545211 -5.061092276
33.954377867 -51.130607661 -4.991775550
33.632819400 -50.578756805 -4.928199872
33.256204143 -49.916473388 -4.855966199
32.833511078 -49.233783365 -4.778939712
32.528059986 -48.618804365 -4.706854153
32.253556081 -47.984490615 -4.631852310
32.026466656 -47.332812406 -4.548370590
31.773544816 -46.633966580 -4.470388956
31.487100142 -46.021971201 -4.404748979
31.166732561 -45.432254456 -4.331249848
30.833627847 -44.852406931 -4.263263657
30.464134351 -44.168454534 -4.192000578
30.111718407 -43.536585175 -4.121518376
29.770857439 -42.940087055 -4.066180361
29.463422017 -42.390096401 -3.986462819
29.109281087 -41.783916871 -3.898366532
28.795939174 -41.233578701 -3.837759481
28.463406720 -40.663721506 -3.783936075
28.108257296 -40.069042338 -3.692400844
27.748460421 -39.420615123 -3.643257844
27.456182943 -38.713766844 -3.570384888
27.269730134 -38.025978171 -3.486288450
27.114591876 -37.345734034 -3.410933798
26.904788909 -36.736258163 -3.342554786
26.682330818 -36.224887675 -3.284886680
26.469173629 -35.799030486 -3.243728346
26.203708319 -35.313443629 -3.194958991
25.905948553 -34.828509319 -3.145838587
25.645002826 -34.388583220 -3.093279389
25.372315502 -33.907572558 -3.041839000
25.097675276 -33.425813337 -2.990929443
24.808087212 -32.919826425 -2.938057482
24.532414219 -32.423462668 -2.897470309
24.257498680 -31.964475831 -2.850717164
24.001325013 -31.532720822 -2.806816452
23.696508285 -31.026436483 -2.763512697
23.393648119 -30.520252343 -2.711263928
23.093710356 -30.028263349 -2.654121495
22.771194359 -29.475694643 -2.597805562
22.588904231 -29.030612315 -2.544525600
22.420426935 -28.477450569 -2.485449526
22.221340956 -27.899970888 -2.424374033
21.967597615 -27.294596197 -2.357207840
21.665102370 -26.664066348 -2.290192892
21.347616692 -26.107528562 -2.222934659
21.008339626 -25.516378092 -2.165844565
20.663847071 -24.881435220 -2.108373069
20.328164968 -24.304630172 -2.045434804
19.973482844 -23.696704062 -1.988864918
19.605869501 -23.049511588 -1.919934039
19.217402495 -22.399089174 -1.854766782
18.897596407 -21.842145883 -1.789769028
18.597456322 -21.162845375 -1.711391026
18.373940266 -20.482279853 -1.639437085
18.179639257 -19.845276413 -1.580829181
17.958902365 -19.192197254 -1.512001131
17.714453436 -18.594451961 -1.446384585
17.445767125 -18.034957444 -1.386139134
17.122077103 -17.451061149 -1.324775892
16.786133099 -16.895993253 -1.266751257
16.450947647 -16.351531936 -1.206718097
16.101712798 -15.817004307 -1.146240488
15.753560315 -15.276760972 -1.084316582
15.444972925 -14.766711766 -1.030381563
15.160016672 -14.282790150 -0.979493869
14.933006014 -13.807276008 -0.924022593
14.732526381 -13.360776004 -0.873638322
14.557927541 -12.942589582 -0.829089260
14.369713641 -12.548305129 -0.785759633
14.203834897 -12.202208958 -0.782645103
14.020170251 -11.838156321 -0.715200323
13.838468968 -11.463539259 -0.691725242
13.653249540 -11.091773113 -0.666482429
13.484170346 -10.763084758 -0.623145979
13.311185169 -10.436913731 -0.586200922
13.161644480 -10.157364641 -0.547287027
13.005280177 -9.861547298 -0.513625326
12.846780322 -9.568587891 -0.476681012
12.697660378 -9.301535422 -0.444568877
12.539473171 -9.009224777 -0.418275427
12.378051231 -8.717034368 -0.377551299
12.220978015 -8.439319559 -0.345588898
12.062677740 -8.156494683 -0.302601656
11.909192158 -7.865109777 -0.276298562
11.771881125 -7.577799768 -0.242235216
11.558178513 -7.144792671 -0.174178123
11.505377709 -6.968087918 -0.171496416
11.382670604 -6.654599027 -0.139065533
11.320753716 -6.328190263 -0.096928509
11.231535611 -6.008697950 -0.059895520
11.140205995 -5.680355999 -0.022203472
11.041548615 -5.320972454 0.023707486
10.897101899 -4.999193552 0.055282876
10.762376052 -4.666773598 0.094066982
10.583349970 -4.360828980 0.131706021
10.389346900 -4.073556617 0.160186143
10.173491528 -3.798689815 0.193538040
9.934089791 -3.528957472 0.226404454
9.724705843 -3.271834553 0.262451197
9.497897660 -3.001630671 0.297881722
9.268809386 -2.699589963 0.313497994
9.033705132 -2.423490482 0.348918571
8.870417729 -2.147888242 0.386545307
8.710405506 -1.821251539 0.418367838
8.559268025 -1.499108940 0.457806655
8.410355141 -1.176097348 0.489209030
8.297833889 -0.869642798 0.519388621
8.158254193 -0.532849738 0.564390841
8.021205242 -0.226047385 0.590350620
7.892158752 0.112384467 0.633768516
7.771861662 0.452625933 0.675529875
7.667525844 0.793504526 0.713134637
7.567948914 1.144080746 0.752195358
7.464969034 1.490731788 0.793049457
7.363367696 1.843125777 0.827290170
7.247447496 2.194648304 0.870909139
7.128012793 2.552857066 0.923990901
7.014120524 2.907486298 0.955640032
6.895722088 3.282394686 1.007019091
6.781462923 3.659206970 1.052836398
6.642337751 3.986183260 1.083925482
6.530190452 4.361550140 1.125306773
6.444401269 4.642662175 1.146012258
6.400940449 4.716078354 1.155011736
6.401779541 4.712448549 1.165423332
6.419839719 4.699863036 1.162998610
6.409714899 4.678905789 1.166333685
6.400034881 4.718726247 1.183298114
6.398000368 4.850963069 1.196108294
6.408228215 4.990069742 1.209843978
6.421154443 5.083643457 1.226581157
6.435867810 5.152116680 1.227781637
6.461221997 5.198288241 1.234097129
6.479932456 5.235465603 1.250634156
6.498750630 5.302640585 1.251425041
6.523863244 5.337925929 1.251675068
6.547583972 5.398801239 1.259183916
6.578712197 5.440902284 1.267863245
6.610429059 5.497187188 1.272576743
6.647846268 5.560176535 1.274792600
6.692085628 5.591910996 1.289665210
6.759784544 5.697001315 1.305270488
6.885670157 5.798274451 1.309295845
6.995212756 5.851701388 1.309710325
7.139890544 5.895212871 1.311247431
7.287612414 5.928396210 1.306518064
7.433724902 5.934631195 1.309863119
7.589314804 5.932804416 1.293921202
7.624661864 5.989440545 1.318376530
7.607073051 5.989586985 1.314158771
7.597837367 5.972255376 1.309956507
7.594818285 5.967715447 1.306917348
7.601733029 5.965732075 1.309199036
7.599086396 5.972721948 1.310766065
7.597791148 5.962867183 1.308804133
7.601972633 5.968539197 1.307616730
7.600035805 5.964000105 1.309508617
7.628247571 5.962760546 1.310008023
7.661826143 5.970751951 1.313473612
7.664880519 5.972983638 1.316631838
7.650351547 5.973312691 1.310703255
7.658415216 5.972275283 1.320661465
7.658740070 5.974312402 1.306836609
7.652420247 5.966442195 1.325696885
7.657800530 5.969205958 1.316986054
7.654034367 5.966857834 1.313890292
7.650940921 5.967382135 1.316555614
7.661672299 5.969375744 1.310731983
7.657283054 5.966581788 1.307178279
7.658801580 5.975577327 1.306819017
7.662843224 5.957371924 1.309336371
7.660381842 5.971445200 1.310441079
7.665052286 5.961362275 1.307014212
7.661211090 5.965339650 1.310308658
